1 Q0 1 66 3.0000 0 STANDARD
1 Q0 2 195 4.0000 4.9982414 STANDARD
1 Q0 3 12 3.0000 8.0933075 STANDARD
1 Q0 4 13 4.0000 9.761651 STANDARD
1 Q0 5 14 4.0000 6.4651456 STANDARD
1 Q0 6 142 4.0000 0 STANDARD
1 Q0 7 462 4.0000 0 STANDARD
1 Q0 8 15 4.0000 0 STANDARD
1 Q0 9 858 3.0000 3.4211261 STANDARD
1 Q0 10 859 2.0000 0 STANDARD
1 Q0 11 29 2.0000 3.5105114 STANDARD
1 Q0 12 30 3.0000 0 STANDARD
1 Q0 13 31 2.0000 0 STANDARD
1 Q0 14 95 3.0000 0 STANDARD
1 Q0 15 37 3.0000 0 STANDARD
1 Q0 16 102 3.0000 0 STANDARD
1 Q0 17 486 -1.0000 10.185851 STANDARD
1 Q0 18 875 2.0000 5.8938084 STANDARD
1 Q0 19 876 3.0000 3.3901846 STANDARD
1 Q0 20 879 3.0000 0 STANDARD
1 Q0 21 880 3.0000 4.778838 STANDARD
1 Q0 22 497 3.0000 0 STANDARD
1 Q0 23 51 3.0000 7.3461013 STANDARD
1 Q0 24 52 4.0000 3.247128 STANDARD
1 Q0 25 184 2.0000 11.150376 STANDARD
1 Q0 26 56 3.0000 0 STANDARD
1 Q0 27 57 2.0000 0 STANDARD
1 Q0 28 185 3.0000 0 STANDARD
1 Q0 29 378 2.0000 0 STANDARD
2 Q0 1 643 3.0000 0 STANDARD
2 Q0 2 390 3.0000 0 STANDARD
2 Q0 3 391 3.0000 0 STANDARD
2 Q0 4 202 3.0000 0 STANDARD
2 Q0 5 12 1.0000 14.505511 STANDARD
2 Q0 6 14 4.0000 7.575348 STANDARD
2 Q0 7 15 2.0000 0 STANDARD
2 Q0 8 658 3.0000 3.4678662 STANDARD
2 Q0 9 856 3.0000 0 STANDARD
2 Q0 10 857 3.0000 0 STANDARD
2 Q0 11 858 2.0000 0 STANDARD
2 Q0 12 859 2.0000 0 STANDARD
2 Q0 13 285 3.0000 0 STANDARD
2 Q0 14 864 3.0000 0 STANDARD
2 Q0 15 102 3.0000 0 STANDARD
2 Q0 16 486 -1.0000 3.9117858 STANDARD
2 Q0 17 746 1.0000 9.70299 STANDARD
2 Q0 18 877 3.0000 0 STANDARD
2 Q0 19 497 3.0000 0 STANDARD
2 Q0 20 51 3.0000 6.67554 STANDARD
2 Q0 21 52 4.0000 3.3124962 STANDARD
2 Q0 22 948 2.0000 0 STANDARD
2 Q0 23 184 2.0000 5.1924086 STANDARD
2 Q0 24 442 4.0000 0 STANDARD
2 Q0 25 380 4.0000 0 STANDARD
3 Q0 1 144 3.0000 9.348848 STANDARD
3 Q0 2 5 3.0000 10.474692 STANDARD
3 Q0 3 181 3.0000 9.313328 STANDARD
3 Q0 4 485 -1.0000 7.8847 STANDARD
3 Q0 5 6 3.0000 0 STANDARD
3 Q0 6 119 3.0000 4.2229667 STANDARD
3 Q0 7 90 3.0000 4.886089 STANDARD
3 Q0 8 91 3.0000 4.839284 STANDARD
3 Q0 9 399 3.0000 11.922328 STANDARD
4 Q0 1 166 3.0000 17.091791 STANDARD
4 Q0 2 488 -1.0000 12.659957 STANDARD
4 Q0 3 236 3.0000 7.9259553 STANDARD
5 Q0 1 1296 1.0000 6.1034575 STANDARD
5 Q0 2 401 3.0000 4.4626923 STANDARD
5 Q0 3 1297 3.0000 3.3258634 STANDARD
5 Q0 4 552 1.0000 4.9933167 STANDARD
5 Q0 5 488 -1.0000 4.5556283 STANDARD
6 Q0 1 257 3.0000 6.4953504 STANDARD
6 Q0 2 258 3.0000 0 STANDARD
6 Q0 3 99 2.0000 3.5820258 STANDARD
6 Q0 4 115 3.0000 3.4910653 STANDARD
6 Q0 5 491 -1.0000 7.8293543 STANDARD
7 Q0 1 19 4.0000 0 STANDARD
7 Q0 2 20 2.0000 0 STANDARD
7 Q0 3 56 3.0000 18.645975 STANDARD
7 Q0 4 57 3.0000 18.489805 STANDARD
7 Q0 5 58 3.0000 11.42044 STANDARD
7 Q0 6 492 -1.0000 33.242924 STANDARD
8 Q0 1 48 1.0000 5.8133235 STANDARD
8 Q0 2 354 1.0000 4.535957 STANDARD
8 Q0 3 20 3.0000 0 STANDARD
8 Q0 4 196 3.0000 4.3848457 STANDARD
8 Q0 5 197 3.0000 5.83002 STANDARD
8 Q0 6 999 3.0000 4.0959864 STANDARD
8 Q0 7 360 1.0000 0 STANDARD
8 Q0 8 1112 3.0000 0 STANDARD
8 Q0 9 122 1.0000 11.483662 STANDARD
8 Q0 10 58 3.0000 5.164244 STANDARD
8 Q0 11 492 -1.0000 8.348334 STANDARD
8 Q0 12 1005 1.0000 4.6149015 STANDARD
9 Q0 1 21 2.0000 3.3460598 STANDARD
9 Q0 2 22 2.0000 2.8632221 STANDARD
9 Q0 3 550 2.0000 3.061719 STANDARD
9 Q0 4 534 -1.0000 0 STANDARD
10 Q0 1 259 2.0000 0 STANDARD
10 Q0 2 1011 3.0000 3.4870307 STANDARD
10 Q0 3 436 3.0000 0 STANDARD
10 Q0 4 405 2.0000 6.133019 STANDARD
10 Q0 5 437 3.0000 0 STANDARD
10 Q0 6 438 3.0000 0 STANDARD
10 Q0 7 998 3.0000 0 STANDARD
10 Q0 8 493 -1.0000 12.894335 STANDARD
10 Q0 9 302 3.0000 8.841734 STANDARD
11 Q0 1 160 4.0000 0 STANDARD
11 Q0 2 20 4.0000 0 STANDARD
11 Q0 3 262 3.0000 7.3664384 STANDARD
11 Q0 4 263 3.0000 3.928056 STANDARD
11 Q0 5 27 3.0000 5.8124633 STANDARD
11 Q0 6 28 3.0000 6.4985757 STANDARD
11 Q0 7 654 4.0000 8.357082 STANDARD
11 Q0 8 495 -1.0000 14.020331 STANDARD
12 Q0 1 624 -1.0000 14.966954 STANDARD
12 Q0 2 194 2.0000 0 STANDARD
12 Q0 3 86 2.0000 4.5897775 STANDARD
12 Q0 4 649 4.0000 7.1619296 STANDARD
12 Q0 5 650 2.0000 6.8265114 STANDARD
12 Q0 6 652 2.0000 3.5439472 STANDARD
13 Q0 1 64 2.0000 0 STANDARD
13 Q0 2 496 -1.0000 12.059228 STANDARD
13 Q0 3 65 4.0000 0 STANDARD
13 Q0 4 311 4.0000 0 STANDARD
13 Q0 5 265 2.0000 0 STANDARD
14 Q0 1 64 1.0000 8.705161 STANDARD
14 Q0 2 496 -1.0000 0 STANDARD
14 Q0 3 65 4.0000 5.3716483 STANDARD
15 Q0 1 497 -1.0000 0 STANDARD
15 Q0 2 462 3.0000 7.503681 STANDARD
15 Q0 3 463 1.0000 6.0966153 STANDARD
16 Q0 1 498 -1.0000 13.950368 STANDARD
16 Q0 2 196 3.0000 4.7089663 STANDARD
16 Q0 3 266 2.0000 6.284042 STANDARD
16 Q0 4 106 3.0000 10.065271 STANDARD
17 Q0 1 498 -1.0000 8.092416 STANDARD
17 Q0 2 196 3.0000 5.8382354 STANDARD
17 Q0 3 106 2.0000 9.531158 STANDARD
18 Q0 1 498 -1.0000 9.407853 STANDARD
18 Q0 2 196 2.0000 7.334246 STANDARD
18 Q0 3 197 2.0000 9.869524 STANDARD
18 Q0 4 198 2.0000 0 STANDARD
19 Q0 1 32 2.0000 0 STANDARD
19 Q0 2 67 2.0000 0 STANDARD
19 Q0 3 1379 4.0000 5.4413576 STANDARD
19 Q0 4 499 -1.0000 0 STANDARD
19 Q0 5 164 2.0000 4.3541217 STANDARD
19 Q0 6 715 3.0000 0 STANDARD
19 Q0 7 716 3.0000 6.084464 STANDARD
19 Q0 8 717 3.0000 0 STANDARD
19 Q0 9 639 3.0000 0 STANDARD
19 Q0 10 719 4.0000 0 STANDARD
20 Q0 1 500 -1.0000 19.971384 STANDARD
20 Q0 2 87 3.0000 8.595894 STANDARD
20 Q0 3 407 3.0000 5.0152125 STANDARD
20 Q0 4 88 3.0000 11.997615 STANDARD
20 Q0 5 104 3.0000 4.7018366 STANDARD
20 Q0 6 408 3.0000 0 STANDARD
20 Q0 7 267 3.0000 5.707477 STANDARD
20 Q0 8 268 3.0000 12.222603 STANDARD
20 Q0 9 269 3.0000 5.5200186 STANDARD
20 Q0 10 270 3.0000 10.504986 STANDARD
21 Q0 1 16 2.0000 3.3419564 STANDARD
21 Q0 2 502 -1.0000 13.997222 STANDARD
21 Q0 3 413 2.0000 5.628569 STANDARD
21 Q0 4 414 3.0000 0 STANDARD
21 Q0 5 271 1.0000 6.3405175 STANDARD
22 Q0 1 68 1.0000 0 STANDARD
22 Q0 2 502 -1.0000 0 STANDARD
23 Q0 1 704 2.0000 0 STANDARD
23 Q0 2 705 2.0000 0 STANDARD
23 Q0 3 899 3.0000 3.717491 STANDARD
23 Q0 4 900 1.0000 0 STANDARD
23 Q0 5 901 2.0000 0 STANDARD
23 Q0 6 902 1.0000 7.2222486 STANDARD
23 Q0 7 903 3.0000 3.9534876 STANDARD
23 Q0 8 199 4.0000 0 STANDARD
23 Q0 9 200 2.0000 0 STANDARD
23 Q0 10 201 2.0000 0 STANDARD
23 Q0 11 1289 2.0000 4.390945 STANDARD
23 Q0 12 1290 3.0000 3.006018 STANDARD
23 Q0 13 593 3.0000 0 STANDARD
23 Q0 14 594 4.0000 0 STANDARD
23 Q0 15 597 2.0000 0 STANDARD
23 Q0 16 917 3.0000 3.5007682 STANDARD
23 Q0 17 1109 2.0000 4.0007977 STANDARD
23 Q0 18 919 3.0000 2.8091807 STANDARD
23 Q0 19 1112 2.0000 2.728183 STANDARD
23 Q0 20 601 2.0000 0 STANDARD
23 Q0 21 544 2.0000 0 STANDARD
23 Q0 22 1256 2.0000 0 STANDARD
23 Q0 23 1259 2.0000 3.8518496 STANDARD
23 Q0 24 749 3.0000 0 STANDARD
23 Q0 25 1197 2.0000 2.562207 STANDARD
23 Q0 26 687 2.0000 0 STANDARD
23 Q0 27 1333 4.0000 0 STANDARD
23 Q0 28 1141 2.0000 0 STANDARD
23 Q0 29 1272 2.0000 0 STANDARD
23 Q0 30 634 2.0000 3.6032095 STANDARD
23 Q0 31 698 2.0000 4.3901525 STANDARD
23 Q0 32 700 2.0000 2.6962078 STANDARD
23 Q0 33 892 -1.0000 6.4790215 STANDARD
24 Q0 1 756 -1.0000 8.42705 STANDARD
24 Q0 2 92 3.0000 0 STANDARD
24 Q0 3 46 2.0000 7.8816953 STANDARD
24 Q0 4 47 2.0000 4.79187 STANDARD
25 Q0 1 212 3.0000 7.4959946 STANDARD
25 Q0 2 276 3.0000 0 STANDARD
25 Q0 3 213 2.0000 5.763004 STANDARD
25 Q0 4 277 3.0000 8.410688 STANDARD
25 Q0 5 214 3.0000 7.0717287 STANDARD
25 Q0 6 215 3.0000 9.8224325 STANDARD
25 Q0 7 216 3.0000 7.454393 STANDARD
25 Q0 8 426 3.0000 5.914176 STANDARD
25 Q0 9 427 3.0000 0 STANDARD
25 Q0 10 511 -1.0000 8.170551 STANDARD
26 Q0 1 145 1.0000 11.426843 STANDARD
26 Q0 2 611 1.0000 12.278935 STANDARD
26 Q0 3 1076 2.0000 7.752329 STANDARD
26 Q0 4 565 2.0000 0 STANDARD
26 Q0 5 406 2.0000 0 STANDARD
26 Q0 6 376 2.0000 5.898435 STANDARD
26 Q0 7 511 -1.0000 0 STANDARD
27 Q0 1 224 2.0000 6.1698575 STANDARD
27 Q0 2 512 -1.0000 7.2656293 STANDARD
27 Q0 3 278 3.0000 0 STANDARD
27 Q0 4 428 3.0000 9.271292 STANDARD
28 Q0 1 224 3.0000 0 STANDARD
28 Q0 2 512 -1.0000 0 STANDARD
28 Q0 3 279 3.0000 0 STANDARD
29 Q0 1 464 4.0000 10.734431 STANDARD
29 Q0 2 609 2.0000 0 STANDARD
29 Q0 3 225 3.0000 6.397068 STANDARD
29 Q0 4 465 4.0000 13.4643955 STANDARD
29 Q0 5 513 -1.0000 10.79567 STANDARD
29 Q0 6 514 2.0000 10.802469 STANDARD
29 Q0 7 466 4.0000 4.573539 STANDARD
29 Q0 8 612 2.0000 12.588663 STANDARD
29 Q0 9 793 3.0000 0 STANDARD
29 Q0 10 250 2.0000 8.967311 STANDARD
30 Q0 1 464 2.0000 4.951348 STANDARD
30 Q0 2 225 2.0000 3.7052426 STANDARD
30 Q0 3 609 3.0000 0 STANDARD
30 Q0 4 513 -1.0000 6.522658 STANDARD
30 Q0 5 514 2.0000 3.5594635 STANDARD
30 Q0 6 466 3.0000 5.164858 STANDARD
30 Q0 7 612 3.0000 3.1480417 STANDARD
30 Q0 8 793 4.0000 0 STANDARD
31 Q0 1 776 4.0000 0 STANDARD
31 Q0 2 751 -1.0000 10.1998005 STANDARD
32 Q0 1 752 -1.0000 13.158864 STANDARD
32 Q0 2 465 2.0000 0 STANDARD
32 Q0 3 247 4.0000 4.9137397 STANDARD
32 Q0 4 249 3.0000 0 STANDARD
32 Q0 5 777 3.0000 0 STANDARD
32 Q0 6 778 3.0000 0 STANDARD
32 Q0 7 250 4.0000 5.705343 STANDARD
33 Q0 1 516 -1.0000 24.226307 STANDARD
33 Q0 2 252 3.0000 14.49794 STANDARD
33 Q0 3 141 4.0000 16.183372 STANDARD
33 Q0 4 431 3.0000 17.070066 STANDARD
34 Q0 1 672 3.0000 6.632907 STANDARD
34 Q0 2 800 3.0000 6.0125732 STANDARD
34 Q0 3 516 -1.0000 9.219217 STANDARD
34 Q0 4 714 3.0000 4.5440416 STANDARD
34 Q0 5 252 1.0000 5.7355533 STANDARD
34 Q0 6 431 3.0000 7.1614375 STANDARD
34 Q0 7 799 3.0000 8.332718 STANDARD
35 Q0 1 132 3.0000 3.1287098 STANDARD
35 Q0 2 517 -1.0000 0 STANDARD
35 Q0 3 166 1.0000 3.6017466 STANDARD
35 Q0 4 167 1.0000 0 STANDARD
36 Q0 1 518 -1.0000 5.946495 STANDARD
36 Q0 2 168 3.0000 5.913788 STANDARD
36 Q0 3 169 2.0000 0 STANDARD
37 Q0 1 97 3.0000 3.6479352 STANDARD
37 Q0 2 242 3.0000 3.633437 STANDARD
37 Q0 3 487 3.0000 3.8662436 STANDARD
37 Q0 4 519 -1.0000 3.92173 STANDARD
37 Q0 5 121 3.0000 4.381132 STANDARD
37 Q0 6 409 3.0000 4.923948 STANDARD
37 Q0 7 187 3.0000 0 STANDARD
37 Q0 8 188 2.0000 4.9705777 STANDARD
37 Q0 9 172 3.0000 0 STANDARD
37 Q0 10 173 2.0000 3.9256027 STANDARD
38 Q0 1 272 3.0000 4.8397384 STANDARD
38 Q0 2 24 2.0000 0 STANDARD
38 Q0 3 552 2.0000 3.1971736 STANDARD
38 Q0 4 536 -1.0000 7.0635047 STANDARD
38 Q0 5 553 2.0000 3.8976326 STANDARD
38 Q0 6 554 2.0000 0 STANDARD
38 Q0 7 283 2.0000 0 STANDARD
38 Q0 8 555 2.0000 0 STANDARD
38 Q0 9 556 2.0000 4.853943 STANDARD
38 Q0 10 557 4.0000 0 STANDARD
38 Q0 11 558 4.0000 3.9910452 STANDARD
39 Q0 1 418 3.0000 4.1718707 STANDARD
39 Q0 2 552 2.0000 0 STANDARD
39 Q0 3 1257 3.0000 5.6357064 STANDARD
39 Q0 4 554 2.0000 0 STANDARD
39 Q0 5 555 1.0000 0 STANDARD
39 Q0 6 556 2.0000 0 STANDARD
39 Q0 7 557 4.0000 0 STANDARD
39 Q0 8 79 3.0000 3.3317683 STANDARD
39 Q0 9 207 3.0000 5.383445 STANDARD
39 Q0 10 272 1.0000 4.7283163 STANDARD
39 Q0 11 24 2.0000 3.5772674 STANDARD
39 Q0 12 536 -1.0000 2.8313818 STANDARD
39 Q0 13 505 3.0000 3.0992043 STANDARD
39 Q0 14 283 2.0000 0 STANDARD
40 Q0 1 552 2.0000 2.9302351 STANDARD
40 Q0 2 553 2.0000 0 STANDARD
40 Q0 3 554 2.0000 0 STANDARD
40 Q0 4 555 2.0000 0 STANDARD
40 Q0 5 556 2.0000 2.3948996 STANDARD
40 Q0 6 557 4.0000 0 STANDARD
40 Q0 7 558 4.0000 0 STANDARD
40 Q0 8 272 3.0000 3.6599138 STANDARD
40 Q0 9 976 3.0000 2.8813052 STANDARD
40 Q0 10 85 3.0000 0 STANDARD
40 Q0 11 24 2.0000 2.638046 STANDARD
40 Q0 12 536 -1.0000 7.0340424 STANDARD
40 Q0 13 283 2.0000 0 STANDARD
41 Q0 1 288 1.0000 8.1707535 STANDARD
41 Q0 2 289 1.0000 14.841922 STANDARD
41 Q0 3 433 2.0000 11.7933445 STANDARD
41 Q0 4 520 -1.0000 8.3996525 STANDARD
42 Q0 1 467 3.0000 10.081656 STANDARD
42 Q0 2 468 2.0000 11.724372 STANDARD
42 Q0 3 469 3.0000 11.627127 STANDARD
42 Q0 4 470 3.0000 0 STANDARD
42 Q0 5 775 4.0000 0 STANDARD
42 Q0 6 521 -1.0000 19.722555 STANDARD
43 Q0 1 467 1.0000 9.625658 STANDARD
43 Q0 2 468 1.0000 6.553704 STANDARD
43 Q0 3 469 1.0000 8.488009 STANDARD
43 Q0 4 39 3.0000 6.781475 STANDARD
43 Q0 5 503 3.0000 7.5183115 STANDARD
43 Q0 6 775 3.0000 0 STANDARD
43 Q0 7 521 -1.0000 7.0187545 STANDARD
44 Q0 1 436 3.0000 0 STANDARD
44 Q0 2 437 4.0000 0 STANDARD
44 Q0 3 524 -1.0000 0 STANDARD
44 Q0 4 302 3.0000 0 STANDARD
45 Q0 1 481 3.0000 5.498426 STANDARD
45 Q0 2 1185 3.0000 5.8648047 STANDARD
45 Q0 3 1226 4.0000 0 STANDARD
45 Q0 4 1355 4.0000 0 STANDARD
45 Q0 5 525 -1.0000 9.003222 STANDARD
45 Q0 6 305 2.0000 9.252139 STANDARD
45 Q0 7 338 3.0000 4.0272303 STANDARD
45 Q0 8 308 3.0000 3.6156332 STANDARD
45 Q0 9 629 3.0000 0 STANDARD
45 Q0 10 663 3.0000 0 STANDARD
45 Q0 11 570 2.0000 4.325514 STANDARD
45 Q0 12 572 3.0000 4.987991 STANDARD
45 Q0 13 798 3.0000 0 STANDARD
46 Q0 1 481 3.0000 6.107882 STANDARD
46 Q0 2 1185 4.0000 6.6709805 STANDARD
46 Q0 3 1226 4.0000 0 STANDARD
46 Q0 4 1355 4.0000 4.3662615 STANDARD
46 Q0 5 525 -1.0000 7.909964 STANDARD
46 Q0 6 623 3.0000 6.9392123 STANDARD
46 Q0 7 305 2.0000 9.045351 STANDARD
46 Q0 8 338 3.0000 4.866262 STANDARD
46 Q0 9 84 4.0000 7.2852073 STANDARD
46 Q0 10 629 4.0000 4.6865954 STANDARD
46 Q0 11 663 4.0000 0 STANDARD
46 Q0 12 344 3.0000 6.7995906 STANDARD
46 Q0 13 570 3.0000 4.4486756 STANDARD
46 Q0 14 123 4.0000 7.5185776 STANDARD
46 Q0 15 572 4.0000 6.6303744 STANDARD
46 Q0 16 798 3.0000 0 STANDARD
47 Q0 1 1185 3.0000 0 STANDARD
47 Q0 2 1355 3.0000 5.1858296 STANDARD
47 Q0 3 525 -1.0000 11.811612 STANDARD
47 Q0 4 304 2.0000 8.995721 STANDARD
47 Q0 5 305 3.0000 8.834492 STANDARD
47 Q0 6 306 2.0000 4.3085628 STANDARD
47 Q0 7 307 2.0000 9.76231 STANDARD
47 Q0 8 308 4.0000 6.661553 STANDARD
47 Q0 9 629 3.0000 4.884054 STANDARD
47 Q0 10 309 2.0000 5.766569 STANDARD
47 Q0 11 310 2.0000 9.299344 STANDARD
47 Q0 12 663 3.0000 7.6990304 STANDARD
47 Q0 13 570 2.0000 8.517022 STANDARD
47 Q0 14 572 2.0000 6.2084455 STANDARD
47 Q0 15 798 3.0000 0 STANDARD
48 Q0 1 439 2.0000 5.8848186 STANDARD
48 Q0 2 311 3.0000 0 STANDARD
48 Q0 3 440 3.0000 11.790507 STANDARD
48 Q0 4 265 4.0000 0 STANDARD
48 Q0 5 314 4.0000 0 STANDARD
48 Q0 6 794 4.0000 2.9263182 STANDARD
48 Q0 7 187 4.0000 0 STANDARD
48 Q0 8 315 4.0000 4.455653 STANDARD
48 Q0 9 316 3.0000 0 STANDARD
48 Q0 10 797 3.0000 9.423255 STANDARD
48 Q0 11 798 3.0000 3.753302 STANDARD
48 Q0 12 526 -1.0000 12.102839 STANDARD
49 Q0 1 320 3.0000 11.811651 STANDARD
49 Q0 2 478 4.0000 7.407949 STANDARD
49 Q0 3 527 -1.0000 14.426467 STANDARD
50 Q0 1 528 -1.0000 6.039579 STANDARD
50 Q0 2 306 4.0000 0 STANDARD
50 Q0 3 629 2.0000 5.4102626 STANDARD
50 Q0 4 21 4.0000 0 STANDARD
50 Q0 5 326 2.0000 7.1486373 STANDARD
50 Q0 6 22 4.0000 0 STANDARD
50 Q0 7 94 4.0000 0 STANDARD
51 Q0 1 192 3.0000 7.368266 STANDARD
51 Q0 2 528 -1.0000 9.578586 STANDARD
51 Q0 3 629 2.0000 6.7407327 STANDARD
51 Q0 4 261 4.0000 9.395425 STANDARD
51 Q0 5 326 4.0000 10.106162 STANDARD
51 Q0 6 23 2.0000 7.2654867 STANDARD
51 Q0 7 105 2.0000 5.4725604 STANDARD
51 Q0 8 381 2.0000 0 STANDARD
51 Q0 9 94 1.0000 7.5313077 STANDARD
51 Q0 10 494 2.0000 14.575783 STANDARD
51 Q0 11 63 4.0000 0 STANDARD
52 Q0 1 528 -1.0000 5.704141 STANDARD
52 Q0 2 306 2.0000 8.010716 STANDARD
52 Q0 3 21 2.0000 7.7068233 STANDARD
52 Q0 4 22 2.0000 5.592731 STANDARD
52 Q0 5 326 4.0000 6.0405416 STANDARD
53 Q0 1 448 4.0000 8.352585 STANDARD
53 Q0 2 208 4.0000 17.27329 STANDARD
53 Q0 3 33 3.0000 7.641207 STANDARD
53 Q0 4 449 4.0000 5.838591 STANDARD
53 Q0 5 531 -1.0000 11.511453 STANDARD
53 Q0 6 296 3.0000 9.470963 STANDARD
53 Q0 7 297 4.0000 7.463088 STANDARD
53 Q0 8 298 4.0000 9.532565 STANDARD
53 Q0 9 299 4.0000 0 STANDARD
53 Q0 10 446 4.0000 0 STANDARD
53 Q0 11 447 4.0000 9.010124 STANDARD
54 Q0 1 560 3.0000 7.6564884 STANDARD
54 Q0 2 84 2.0000 13.458682 STANDARD
54 Q0 3 628 4.0000 0 STANDARD
54 Q0 4 101 3.0000 7.5976706 STANDARD
54 Q0 5 661 4.0000 0 STANDARD
54 Q0 6 294 3.0000 8.058495 STANDARD
54 Q0 7 24 3.0000 0 STANDARD
54 Q0 8 123 -1.0000 17.236332 STANDARD
54 Q0 9 364 3.0000 10.121663 STANDARD
54 Q0 10 365 3.0000 10.848269 STANDARD
55 Q0 1 16 2.0000 8.4759655 STANDARD
55 Q0 2 562 2.0000 8.975694 STANDARD
55 Q0 3 502 3.0000 0 STANDARD
55 Q0 4 375 2.0000 5.1056595 STANDARD
55 Q0 5 376 4.0000 9.186689 STANDARD
55 Q0 6 377 4.0000 10.490283 STANDARD
55 Q0 7 378 3.0000 4.833453 STANDARD
55 Q0 8 538 -1.0000 4.8374443 STANDARD
55 Q0 9 460 2.0000 12.002873 STANDARD
55 Q0 10 255 3.0000 6.709905 STANDARD
55 Q0 11 271 3.0000 0 STANDARD
56 Q0 1 705 4.0000 0 STANDARD
56 Q0 2 753 -1.0000 16.835222 STANDARD
56 Q0 3 643 4.0000 4.106977 STANDARD
56 Q0 4 1339 3.0000 8.389136 STANDARD
56 Q0 5 779 4.0000 0 STANDARD
56 Q0 6 379 4.0000 6.719151 STANDARD
56 Q0 7 380 2.0000 4.7003136 STANDARD
56 Q0 8 780 4.0000 0 STANDARD
56 Q0 9 749 3.0000 5.615836 STANDARD
56 Q0 10 14 4.0000 10.211031 STANDARD
56 Q0 11 686 4.0000 6.1096377 STANDARD
57 Q0 1 704 4.0000 5.302065 STANDARD
57 Q0 2 705 4.0000 0 STANDARD
57 Q0 3 746 3.0000 0 STANDARD
57 Q0 4 779 4.0000 0 STANDARD
57 Q0 5 780 4.0000 0 STANDARD
57 Q0 6 12 4.0000 0 STANDARD
57 Q0 7 14 4.0000 4.5403666 STANDARD
57 Q0 8 15 4.0000 0 STANDARD
57 Q0 9 593 3.0000 3.8779278 STANDARD
57 Q0 10 753 -1.0000 10.683022 STANDARD
57 Q0 11 914 3.0000 0 STANDARD
57 Q0 12 857 4.0000 4.416863 STANDARD
57 Q0 13 379 4.0000 5.155856 STANDARD
57 Q0 14 859 4.0000 0 STANDARD
57 Q0 15 380 2.0000 7.12636 STANDARD
58 Q0 1 784 4.0000 5.7649055 STANDARD
58 Q0 2 785 3.0000 9.966956 STANDARD
58 Q0 3 786 3.0000 5.8039627 STANDARD
58 Q0 4 754 -1.0000 15.4157095 STANDARD
58 Q0 5 787 3.0000 5.491992 STANDARD
58 Q0 6 788 2.0000 11.206706 STANDARD
58 Q0 7 789 4.0000 8.585238 STANDARD
58 Q0 8 23 4.0000 5.9713616 STANDARD
58 Q0 9 381 4.0000 0 STANDARD
58 Q0 10 382 4.0000 0 STANDARD
59 Q0 1 785 3.0000 6.0585027 STANDARD
59 Q0 2 786 3.0000 6.1158032 STANDARD
59 Q0 3 754 -1.0000 5.281366 STANDARD
59 Q0 4 787 3.0000 0 STANDARD
59 Q0 5 788 2.0000 4.405992 STANDARD
60 Q0 1 320 4.0000 14.133212 STANDARD
60 Q0 2 322 -1.0000 16.30103 STANDARD
60 Q0 3 475 2.0000 0 STANDARD
60 Q0 4 476 3.0000 8.86916 STANDARD
60 Q0 5 478 4.0000 7.625601 STANDARD
60 Q0 6 527 3.0000 16.939262 STANDARD
61 Q0 1 564 3.0000 9.262874 STANDARD
61 Q0 2 565 2.0000 6.5684624 STANDARD
61 Q0 3 661 4.0000 0 STANDARD
61 Q0 4 566 2.0000 9.699147 STANDARD
61 Q0 5 1159 3.0000 0 STANDARD
61 Q0 6 539 -1.0000 10.450241 STANDARD
62 Q0 1 566 1.0000 5.5306964 STANDARD
62 Q0 2 1078 3.0000 0 STANDARD
62 Q0 3 567 2.0000 0 STANDARD
62 Q0 4 1081 3.0000 9.15619 STANDARD
62 Q0 5 539 -1.0000 0 STANDARD
62 Q0 6 1084 2.0000 0 STANDARD
63 Q0 1 564 3.0000 0 STANDARD
63 Q0 2 566 3.0000 0 STANDARD
63 Q0 3 567 1.0000 0 STANDARD
63 Q0 4 539 -1.0000 0 STANDARD
64 Q0 1 627 -1.0000 4.5736547 STANDARD
64 Q0 2 390 1.0000 7.526974 STANDARD
64 Q0 3 391 2.0000 4.8572235 STANDARD
65 Q0 1 128 2.0000 0 STANDARD
65 Q0 2 384 3.0000 0 STANDARD
65 Q0 3 2 2.0000 7.4657393 STANDARD
65 Q0 4 418 4.0000 0 STANDARD
65 Q0 5 3 2.0000 10.510403 STANDARD
65 Q0 6 323 3.0000 0 STANDARD
65 Q0 7 324 3.0000 0 STANDARD
65 Q0 8 4 3.0000 7.644125 STANDARD
65 Q0 9 388 -1.0000 10.810348 STANDARD
65 Q0 10 393 3.0000 8.1668 STANDARD
65 Q0 11 394 3.0000 0 STANDARD
65 Q0 12 659 3.0000 0 STANDARD
65 Q0 13 180 3.0000 8.065406 STANDARD
65 Q0 14 629 2.0000 6.4331517 STANDARD
65 Q0 15 1302 3.0000 4.648844 STANDARD
65 Q0 16 664 2.0000 8.385946 STANDARD
66 Q0 1 659 3.0000 6.416246 STANDARD
66 Q0 2 180 3.0000 0 STANDARD
66 Q0 3 660 3.0000 5.125643 STANDARD
66 Q0 4 388 -1.0000 5.3151703 STANDARD
66 Q0 5 629 2.0000 8.976599 STANDARD
66 Q0 6 664 2.0000 6.866311 STANDARD
67 Q0 1 128 1.0000 6.1067953 STANDARD
67 Q0 2 2 1.0000 8.979235 STANDARD
67 Q0 3 3 1.0000 8.155736 STANDARD
67 Q0 4 323 3.0000 0 STANDARD
67 Q0 5 324 3.0000 5.5201077 STANDARD
67 Q0 6 4 3.0000 7.8113966 STANDARD
67 Q0 7 388 -1.0000 7.6757417 STANDARD
67 Q0 8 389 3.0000 6.7790394 STANDARD
67 Q0 9 393 3.0000 8.594373 STANDARD
67 Q0 10 394 3.0000 0 STANDARD
67 Q0 11 659 3.0000 5.805756 STANDARD
67 Q0 12 180 1.0000 8.227965 STANDARD
67 Q0 13 629 2.0000 6.6107626 STANDARD
67 Q0 14 1302 3.0000 5.2205462 STANDARD
67 Q0 15 664 2.0000 7.9707575 STANDARD
68 Q0 1 628 -1.0000 15.778408 STANDARD
68 Q0 2 101 3.0000 0 STANDARD
68 Q0 3 661 3.0000 5.813029 STANDARD
68 Q0 4 662 2.0000 7.5730104 STANDARD
68 Q0 5 460 3.0000 0 STANDARD
68 Q0 6 62 3.0000 3.3701334 STANDARD
69 Q0 1 336 4.0000 0 STANDARD
69 Q0 2 977 3.0000 4.249199 STANDARD
69 Q0 3 458 2.0000 5.1043606 STANDARD
69 Q0 4 570 2.0000 4.6427073 STANDARD
69 Q0 5 540 -1.0000 6.86052 STANDARD
69 Q0 6 62 3.0000 4.5777874 STANDARD
70 Q0 1 977 3.0000 4.0924287 STANDARD
70 Q0 2 307 3.0000 3.763974 STANDARD
70 Q0 3 101 3.0000 0 STANDARD
70 Q0 4 565 3.0000 4.304377 STANDARD
70 Q0 5 568 2.0000 0 STANDARD
70 Q0 6 24 4.0000 3.2069352 STANDARD
70 Q0 7 570 2.0000 4.6427073 STANDARD
70 Q0 8 283 3.0000 0 STANDARD
70 Q0 9 540 -1.0000 7.941913 STANDARD
70 Q0 10 333 1.0000 3.17225 STANDARD
70 Q0 11 62 2.0000 5.6134434 STANDARD
71 Q0 1 101 3.0000 0 STANDARD
71 Q0 2 569 1.0000 4.335888 STANDARD
71 Q0 3 571 1.0000 0 STANDARD
71 Q0 4 1355 2.0000 0 STANDARD
71 Q0 5 572 1.0000 5.716178 STANDARD
71 Q0 6 540 -1.0000 6.603373 STANDARD
71 Q0 7 1213 3.0000 2.5319886 STANDARD
71 Q0 8 798 4.0000 2.5388987 STANDARD
71 Q0 9 655 3.0000 2.5415878 STANDARD
72 Q0 1 128 4.0000 0 STANDARD
72 Q0 2 323 4.0000 0 STANDARD
72 Q0 3 324 2.0000 0 STANDARD
72 Q0 4 388 4.0000 0 STANDARD
72 Q0 5 494 3.0000 0 STANDARD
72 Q0 6 655 4.0000 0 STANDARD
72 Q0 7 304 3.0000 0 STANDARD
72 Q0 8 305 4.0000 0 STANDARD
72 Q0 9 21 2.0000 0 STANDARD
72 Q0 10 309 4.0000 0 STANDARD
72 Q0 11 629 -1.0000 0 STANDARD
72 Q0 12 630 2.0000 8.172905 STANDARD
72 Q0 13 663 4.0000 6.7515826 STANDARD
72 Q0 14 664 3.0000 0 STANDARD
72 Q0 15 570 3.0000 0 STANDARD
72 Q0 16 571 4.0000 0 STANDARD
72 Q0 17 94 3.0000 0 STANDARD
72 Q0 18 62 4.0000 0 STANDARD
73 Q0 1 160 3.0000 8.2394085 STANDARD
73 Q0 2 577 4.0000 11.269679 STANDARD
73 Q0 3 578 2.0000 0 STANDARD
73 Q0 4 68 3.0000 0 STANDARD
73 Q0 5 1252 3.0000 5.9913683 STANDARD
73 Q0 6 421 3.0000 5.4184923 STANDARD
73 Q0 7 1355 4.0000 0 STANDARD
73 Q0 8 332 2.0000 20.254364 STANDARD
73 Q0 9 1198 4.0000 0 STANDARD
73 Q0 10 655 4.0000 0 STANDARD
73 Q0 11 401 2.0000 10.1937065 STANDARD
73 Q0 12 625 2.0000 11.523279 STANDARD
73 Q0 13 1304 3.0000 0 STANDARD
73 Q0 14 25 4.0000 6.416469 STANDARD
73 Q0 15 571 3.0000 0 STANDARD
73 Q0 16 572 2.0000 7.318735 STANDARD
73 Q0 17 573 3.0000 9.660007 STANDARD
73 Q0 18 317 4.0000 0 STANDARD
73 Q0 19 1213 3.0000 5.080921 STANDARD
73 Q0 20 541 -1.0000 17.60967 STANDARD
73 Q0 21 574 3.0000 8.488334 STANDARD
74 Q0 1 576 2.0000 9.081872 STANDARD
74 Q0 2 656 2.0000 4.613285 STANDARD
74 Q0 3 578 4.0000 0 STANDARD
74 Q0 4 317 4.0000 5.1393924 STANDARD
74 Q0 5 541 -1.0000 5.2712307 STANDARD
74 Q0 6 574 4.0000 5.7955737 STANDARD
74 Q0 7 575 3.0000 4.8020725 STANDARD
75 Q0 1 324 3.0000 8.771761 STANDARD
75 Q0 2 630 -1.0000 8.818486 STANDARD
75 Q0 3 378 3.0000 0 STANDARD
75 Q0 4 666 3.0000 0 STANDARD
75 Q0 5 667 2.0000 6.133027 STANDARD
75 Q0 6 670 3.0000 5.4701657 STANDARD
76 Q0 1 324 3.0000 0 STANDARD
76 Q0 2 630 -1.0000 11.02167 STANDARD
76 Q0 3 329 3.0000 7.0690765 STANDARD
76 Q0 4 378 2.0000 0 STANDARD
76 Q0 5 666 3.0000 10.407814 STANDARD
76 Q0 6 667 2.0000 10.858271 STANDARD
76 Q0 7 670 3.0000 6.0734468 STANDARD
76 Q0 8 1391 3.0000 7.773482 STANDARD
77 Q0 1 630 -1.0000 11.188072 STANDARD
77 Q0 2 329 4.0000 14.420388 STANDARD
77 Q0 3 666 3.0000 6.044937 STANDARD
77 Q0 4 667 3.0000 11.006532 STANDARD
77 Q0 5 668 2.0000 8.5095625 STANDARD
77 Q0 6 670 3.0000 5.722451 STANDARD
77 Q0 7 1391 4.0000 9.059416 STANDARD
78 Q0 1 588 2.0000 10.553764 STANDARD
78 Q0 2 589 3.0000 13.373386 STANDARD
78 Q0 3 590 3.0000 9.2414 STANDARD
78 Q0 4 543 -1.0000 11.858631 STANDARD
79 Q0 1 688 4.0000 0 STANDARD
79 Q0 2 544 -1.0000 11.305796 STANDARD
79 Q0 3 708 4.0000 6.0597196 STANDARD
79 Q0 4 597 3.0000 9.954721 STANDARD
79 Q0 5 598 3.0000 0 STANDARD
79 Q0 6 713 4.0000 0 STANDARD
80 Q0 1 544 -1.0000 10.82037 STANDARD
80 Q0 2 594 1.0000 0 STANDARD
80 Q0 3 596 3.0000 0 STANDARD
80 Q0 4 597 1.0000 0 STANDARD
80 Q0 5 598 3.0000 0 STANDARD
81 Q0 1 672 1.0000 9.290529 STANDARD
81 Q0 2 631 -1.0000 10.6015415 STANDARD
81 Q0 3 799 4.0000 9.231569 STANDARD
82 Q0 1 676 2.0000 10.234619 STANDARD
82 Q0 2 677 2.0000 13.804512 STANDARD
82 Q0 3 678 3.0000 10.734689 STANDARD
82 Q0 4 679 3.0000 6.7708426 STANDARD
82 Q0 5 632 -1.0000 8.234521 STANDARD
82 Q0 6 205 3.0000 0 STANDARD
83 Q0 1 680 2.0000 5.5196652 STANDARD
83 Q0 2 681 2.0000 0 STANDARD
83 Q0 3 633 -1.0000 5.679896 STANDARD
83 Q0 4 682 2.0000 2.9947457 STANDARD
83 Q0 5 683 2.0000 3.1257432 STANDARD
84 Q0 1 608 3.0000 0 STANDARD
84 Q0 2 354 4.0000 0 STANDARD
84 Q0 3 962 3.0000 5.5273724 STANDARD
84 Q0 4 546 -1.0000 7.405505 STANDARD
84 Q0 5 406 2.0000 6.094031 STANDARD
84 Q0 6 294 3.0000 10.140621 STANDARD
84 Q0 7 1192 3.0000 6.2317266 STANDARD
84 Q0 8 873 4.0000 7.637232 STANDARD
84 Q0 9 522 4.0000 9.055315 STANDARD
84 Q0 10 1213 3.0000 6.0586143 STANDARD
84 Q0 11 606 2.0000 5.8238225 STANDARD
84 Q0 12 142 3.0000 10.019859 STANDARD
85 Q0 1 608 1.0000 5.245998 STANDARD
85 Q0 2 546 -1.0000 0 STANDARD
85 Q0 3 406 2.0000 0 STANDARD
85 Q0 4 710 3.0000 7.5322537 STANDARD
85 Q0 5 606 3.0000 0 STANDARD
86 Q0 1 594 3.0000 11.110865 STANDARD
86 Q0 2 755 -1.0000 21.196793 STANDARD
86 Q0 3 790 3.0000 14.885162 STANDARD
87 Q0 1 609 4.0000 0 STANDARD
87 Q0 2 562 3.0000 0 STANDARD
87 Q0 3 50 4.0000 0 STANDARD
87 Q0 4 611 2.0000 0 STANDARD
87 Q0 5 547 -1.0000 9.316178 STANDARD
87 Q0 6 612 4.0000 0 STANDARD
87 Q0 7 406 4.0000 0 STANDARD
87 Q0 8 236 4.0000 0 STANDARD
87 Q0 9 606 2.0000 0 STANDARD
88 Q0 1 548 -1.0000 20.60173 STANDARD
88 Q0 2 613 2.0000 17.651085 STANDARD
88 Q0 3 614 2.0000 12.886204 STANDARD
88 Q0 4 615 2.0000 11.113895 STANDARD
88 Q0 5 616 3.0000 15.184128 STANDARD
88 Q0 6 617 3.0000 17.568735 STANDARD
88 Q0 7 618 4.0000 10.162616 STANDARD
89 Q0 1 420 4.0000 8.95714 STANDARD
89 Q0 2 757 -1.0000 13.432372 STANDARD
89 Q0 3 793 2.0000 12.4575 STANDARD
89 Q0 4 794 2.0000 8.97005 STANDARD
89 Q0 5 795 4.0000 5.570011 STANDARD
89 Q0 6 796 4.0000 9.836758 STANDARD
89 Q0 7 797 3.0000 11.78462 STANDARD
90 Q0 1 800 4.0000 0 STANDARD
90 Q0 2 256 2.0000 3.8308594 STANDARD
90 Q0 3 291 3.0000 5.47486 STANDARD
90 Q0 4 1187 4.0000 8.397389 STANDARD
90 Q0 5 335 3.0000 3.5691514 STANDARD
90 Q0 6 1364 3.0000 4.7958264 STANDARD
90 Q0 7 757 -1.0000 4.401196 STANDARD
90 Q0 8 311 3.0000 6.015661 STANDARD
90 Q0 9 1367 4.0000 3.5414 STANDARD
90 Q0 10 793 3.0000 4.593546 STANDARD
90 Q0 11 794 2.0000 4.1033015 STANDARD
90 Q0 12 796 3.0000 0 STANDARD
90 Q0 13 797 2.0000 4.28423 STANDARD
90 Q0 14 798 2.0000 5.58471 STANDARD
91 Q0 1 800 3.0000 6.034927 STANDARD
91 Q0 2 672 4.0000 5.396884 STANDARD
91 Q0 3 801 2.0000 4.079974 STANDARD
91 Q0 4 1154 3.0000 4.716111 STANDARD
91 Q0 5 757 -1.0000 0 STANDARD
91 Q0 6 793 4.0000 0 STANDARD
91 Q0 7 794 4.0000 0 STANDARD
91 Q0 8 252 2.0000 7.819097 STANDARD
91 Q0 9 797 3.0000 4.291565 STANDARD
91 Q0 10 799 3.0000 7.39948 STANDARD
92 Q0 1 802 2.0000 0 STANDARD
92 Q0 2 803 2.0000 0 STANDARD
92 Q0 3 804 4.0000 10.5587845 STANDARD
92 Q0 4 805 4.0000 5.772619 STANDARD
92 Q0 5 806 4.0000 11.255459 STANDARD
92 Q0 6 807 4.0000 12.768312 STANDARD
92 Q0 7 808 3.0000 8.01689 STANDARD
92 Q0 8 809 3.0000 10.347866 STANDARD
92 Q0 9 810 4.0000 11.109 STANDARD
92 Q0 10 811 3.0000 10.187037 STANDARD
92 Q0 11 758 -1.0000 14.669254 STANDARD
92 Q0 12 1243 4.0000 7.289439 STANDARD
92 Q0 13 253 3.0000 0 STANDARD
92 Q0 14 1247 3.0000 11.607962 STANDARD
93 Q0 1 691 3.0000 12.932239 STANDARD
93 Q0 2 635 -1.0000 18.836529 STANDARD
94 Q0 1 354 4.0000 6.0911784 STANDARD
94 Q0 2 101 4.0000 9.447342 STANDARD
94 Q0 3 294 3.0000 7.0601053 STANDARD
94 Q0 4 1161 4.0000 10.121887 STANDARD
94 Q0 5 559 3.0000 9.096786 STANDARD
94 Q0 6 1104 4.0000 9.593465 STANDARD
94 Q0 7 689 4.0000 7.074633 STANDARD
94 Q0 8 1393 3.0000 12.044874 STANDARD
94 Q0 9 690 4.0000 0 STANDARD
94 Q0 10 1395 4.0000 6.6140695 STANDARD
94 Q0 11 24 1.0000 7.3048177 STANDARD
94 Q0 12 283 3.0000 11.057887 STANDARD
94 Q0 13 635 -1.0000 6.164184 STANDARD
95 Q0 1 662 4.0000 8.146489 STANDARD
95 Q0 2 283 1.0000 6.736241 STANDARD
95 Q0 3 635 -1.0000 8.496061 STANDARD
96 Q0 1 704 3.0000 7.2250094 STANDARD
96 Q0 2 705 3.0000 8.6852455 STANDARD
96 Q0 3 706 4.0000 0 STANDARD
96 Q0 4 1289 3.0000 7.1590834 STANDARD
96 Q0 5 779 3.0000 8.012963 STANDARD
96 Q0 6 792 4.0000 0 STANDARD
96 Q0 7 698 4.0000 8.856644 STANDARD
96 Q0 8 699 4.0000 9.6725855 STANDARD
96 Q0 9 1339 4.0000 9.774686 STANDARD
96 Q0 10 700 4.0000 6.816135 STANDARD
96 Q0 11 701 4.0000 5.5491834 STANDARD
96 Q0 12 637 -1.0000 11.928667 STANDARD
96 Q0 13 702 4.0000 0 STANDARD
96 Q0 14 703 3.0000 0 STANDARD
97 Q0 1 1289 4.0000 5.8567986 STANDARD
97 Q0 2 681 3.0000 0 STANDARD
97 Q0 3 698 4.0000 0 STANDARD
97 Q0 4 699 3.0000 0 STANDARD
97 Q0 5 779 3.0000 7.528616 STANDARD
97 Q0 6 1339 4.0000 3.1430266 STANDARD
97 Q0 7 700 3.0000 0 STANDARD
97 Q0 8 701 3.0000 3.7178895 STANDARD
97 Q0 9 637 -1.0000 0 STANDARD
97 Q0 10 702 3.0000 0 STANDARD
97 Q0 11 703 3.0000 0 STANDARD
98 Q0 1 708 4.0000 0 STANDARD
98 Q0 2 709 4.0000 0 STANDARD
98 Q0 3 711 4.0000 0 STANDARD
98 Q0 4 712 4.0000 7.728871 STANDARD
98 Q0 5 713 2.0000 0 STANDARD
98 Q0 6 638 -1.0000 15.18514 STANDARD
99 Q0 1 1379 3.0000 5.9337077 STANDARD
99 Q0 2 1001 3.0000 0 STANDARD
99 Q0 3 717 2.0000 9.871098 STANDARD
99 Q0 4 719 2.0000 8.981449 STANDARD
99 Q0 5 639 -1.0000 12.114293 STANDARD
100 Q0 1 1121 3.0000 0 STANDARD
100 Q0 2 1122 2.0000 16.378872 STANDARD
100 Q0 3 820 3.0000 0 STANDARD
100 Q0 4 821 2.0000 0 STANDARD
100 Q0 5 822 2.0000 15.931246 STANDARD
100 Q0 6 823 3.0000 7.30117 STANDARD
100 Q0 7 824 2.0000 5.3778048 STANDARD
100 Q0 8 760 -1.0000 15.859307 STANDARD
100 Q0 9 825 3.0000 7.032321 STANDARD
100 Q0 10 1051 3.0000 14.292467 STANDARD
101 Q0 1 817 2.0000 14.099965 STANDARD
101 Q0 2 818 2.0000 10.350876 STANDARD
101 Q0 3 819 2.0000 15.747735 STANDARD
101 Q0 4 820 3.0000 12.735297 STANDARD
101 Q0 5 824 2.0000 6.355233 STANDARD
101 Q0 6 760 -1.0000 11.988441 STANDARD
101 Q0 7 825 3.0000 11.185813 STANDARD
102 Q0 1 913 2.0000 4.42005 STANDARD
102 Q0 2 728 1.0000 3.159484 STANDARD
102 Q0 3 729 -1.0000 5.662966 STANDARD
102 Q0 4 910 3.0000 6.8682113 STANDARD
102 Q0 5 911 4.0000 0 STANDARD
103 Q0 1 761 -1.0000 9.155865 STANDARD
103 Q0 2 826 3.0000 4.22577 STANDARD
103 Q0 3 828 3.0000 0 STANDARD
104 Q0 1 833 3.0000 5.0207906 STANDARD
104 Q0 2 834 3.0000 0 STANDARD
104 Q0 3 835 3.0000 6.685931 STANDARD
104 Q0 4 836 3.0000 5.2291026 STANDARD
104 Q0 5 837 3.0000 8.16887 STANDARD
104 Q0 6 762 -1.0000 13.856221 STANDARD
105 Q0 1 848 3.0000 19.811571 STANDARD
105 Q0 2 844 4.0000 4.2523794 STANDARD
105 Q0 3 764 -1.0000 18.841337 STANDARD
105 Q0 4 845 4.0000 3.2407904 STANDARD
105 Q0 5 846 4.0000 6.083197 STANDARD
105 Q0 6 847 4.0000 10.94302 STANDARD
106 Q0 1 849 3.0000 0 STANDARD
106 Q0 2 844 4.0000 3.6753926 STANDARD
106 Q0 3 764 -1.0000 4.7161813 STANDARD
106 Q0 4 845 4.0000 2.2055173 STANDARD
106 Q0 5 846 3.0000 3.668259 STANDARD
106 Q0 6 847 2.0000 3.6785865 STANDARD
107 Q0 1 720 4.0000 4.5328875 STANDARD
107 Q0 2 640 -1.0000 15.065043 STANDARD
107 Q0 3 725 2.0000 11.742158 STANDARD
107 Q0 4 728 2.0000 0 STANDARD
107 Q0 5 729 3.0000 7.0725727 STANDARD
107 Q0 6 75 4.0000 0 STANDARD
107 Q0 7 909 4.0000 10.154229 STANDARD
107 Q0 8 911 3.0000 8.48111 STANDARD
108 Q0 1 720 4.0000 9.616031 STANDARD
108 Q0 2 640 -1.0000 5.9350295 STANDARD
108 Q0 3 723 4.0000 5.878564 STANDARD
108 Q0 4 724 2.0000 8.706047 STANDARD
108 Q0 5 726 2.0000 7.410423 STANDARD
108 Q0 6 727 2.0000 7.8620377 STANDARD
108 Q0 7 75 3.0000 11.875662 STANDARD
108 Q0 8 909 3.0000 6.1322756 STANDARD
109 Q0 1 980 3.0000 0 STANDARD
109 Q0 2 860 1.0000 3.012906 STANDARD
109 Q0 3 12 3.0000 0 STANDARD
109 Q0 4 861 1.0000 0 STANDARD
109 Q0 5 606 3.0000 3.8769026 STANDARD
109 Q0 6 766 -1.0000 3.0398583 STANDARD
110 Q0 1 1174 4.0000 4.3192196 STANDARD
110 Q0 2 862 1.0000 0 STANDARD
110 Q0 3 766 -1.0000 4.7338495 STANDARD
110 Q0 4 863 1.0000 0 STANDARD
110 Q0 5 31 3.0000 4.2923 STANDARD
111 Q0 1 864 2.0000 4.999892 STANDARD
111 Q0 2 914 3.0000 3.9927094 STANDARD
111 Q0 3 658 3.0000 8.496573 STANDARD
111 Q0 4 627 3.0000 8.48982 STANDARD
111 Q0 5 391 2.0000 6.1178164 STANDARD
111 Q0 6 392 3.0000 6.12281 STANDARD
111 Q0 7 894 -1.0000 13.506377 STANDARD
111 Q0 8 15 2.0000 6.6196346 STANDARD
112 Q0 1 641 -1.0000 22.021141 STANDARD
112 Q0 2 730 4.0000 15.615326 STANDARD
112 Q0 3 731 3.0000 8.389832 STANDARD
113 Q0 1 643 -1.0000 0 STANDARD
113 Q0 2 265 3.0000 7.185021 STANDARD
113 Q0 3 746 3.0000 5.0759354 STANDARD
113 Q0 4 748 3.0000 8.963459 STANDARD
113 Q0 5 749 3.0000 0 STANDARD
114 Q0 1 916 2.0000 12.052588 STANDARD
114 Q0 2 919 1.0000 10.927373 STANDARD
114 Q0 3 920 3.0000 0 STANDARD
114 Q0 4 921 3.0000 0 STANDARD
114 Q0 5 895 -1.0000 20.752157 STANDARD
115 Q0 1 51 2.0000 4.5811224 STANDARD
115 Q0 2 184 -1.0000 7.4712024 STANDARD
115 Q0 3 185 2.0000 5.0369935 STANDARD
115 Q0 4 874 4.0000 0 STANDARD
115 Q0 5 878 3.0000 5.8762064 STANDARD
116 Q0 1 896 -1.0000 0 STANDARD
116 Q0 2 360 3.0000 0 STANDARD
116 Q0 3 922 1.0000 0 STANDARD
116 Q0 4 492 4.0000 0 STANDARD
116 Q0 5 605 3.0000 9.714097 STANDARD
116 Q0 6 927 3.0000 4.3517866 STANDARD
117 Q0 1 896 -1.0000 0 STANDARD
117 Q0 2 360 2.0000 4.8100753 STANDARD
117 Q0 3 605 3.0000 4.858472 STANDARD
118 Q0 1 896 -1.0000 0 STANDARD
118 Q0 2 923 2.0000 10.492144 STANDARD
118 Q0 3 924 3.0000 10.969988 STANDARD
118 Q0 4 925 3.0000 4.69144 STANDARD
119 Q0 1 897 -1.0000 10.601782 STANDARD
119 Q0 2 926 4.0000 12.926762 STANDARD
120 Q0 1 769 -1.0000 20.817823 STANDARD
120 Q0 2 885 3.0000 10.817873 STANDARD
120 Q0 3 886 3.0000 12.0041485 STANDARD
120 Q0 4 887 2.0000 16.388006 STANDARD
120 Q0 5 888 3.0000 9.2017 STANDARD
120 Q0 6 889 4.0000 9.000025 STANDARD
120 Q0 7 890 2.0000 14.397645 STANDARD
120 Q0 8 1146 2.0000 10.818455 STANDARD
120 Q0 9 891 3.0000 9.666373 STANDARD
120 Q0 10 829 2.0000 0 STANDARD
121 Q0 1 769 -1.0000 12.568934 STANDARD
121 Q0 2 885 1.0000 6.7235374 STANDARD
121 Q0 3 886 1.0000 6.5793347 STANDARD
121 Q0 4 887 1.0000 10.979209 STANDARD
121 Q0 5 888 1.0000 10.615482 STANDARD
121 Q0 6 1146 2.0000 10.802799 STANDARD
121 Q0 7 890 1.0000 10.60272 STANDARD
121 Q0 8 891 1.0000 7.169852 STANDARD
122 Q0 1 898 -1.0000 9.590098 STANDARD
122 Q0 2 931 4.0000 6.805601 STANDARD
122 Q0 3 932 2.0000 0 STANDARD
122 Q0 4 934 4.0000 7.7443094 STANDARD
122 Q0 5 935 4.0000 5.6579103 STANDARD
122 Q0 6 936 2.0000 4.626126 STANDARD
122 Q0 7 937 2.0000 4.797785 STANDARD
122 Q0 8 938 2.0000 6.198994 STANDARD
122 Q0 9 1131 3.0000 4.443322 STANDARD
122 Q0 10 957 3.0000 6.3881536 STANDARD
123 Q0 1 966 2.0000 4.5419636 STANDARD
123 Q0 2 967 3.0000 4.283143 STANDARD
123 Q0 3 941 -1.0000 5.043868 STANDARD
124 Q0 1 964 3.0000 0 STANDARD
124 Q0 2 965 3.0000 0 STANDARD
124 Q0 3 967 2.0000 0 STANDARD
124 Q0 4 968 2.0000 0 STANDARD
124 Q0 5 941 -1.0000 16.569536 STANDARD
125 Q0 1 992 3.0000 3.6724715 STANDARD
125 Q0 2 994 3.0000 3.6915643 STANDARD
125 Q0 3 995 3.0000 0 STANDARD
125 Q0 4 997 2.0000 6.3825583 STANDARD
125 Q0 5 969 2.0000 3.0083458 STANDARD
125 Q0 6 970 2.0000 5.107535 STANDARD
125 Q0 7 971 2.0000 4.0335927 STANDARD
125 Q0 8 972 2.0000 0 STANDARD
125 Q0 9 973 3.0000 3.4520469 STANDARD
125 Q0 10 173 3.0000 4.670713 STANDARD
125 Q0 11 974 4.0000 0 STANDARD
125 Q0 12 174 2.0000 3.9462397 STANDARD
125 Q0 13 942 -1.0000 0 STANDARD
125 Q0 14 176 3.0000 4.794063 STANDARD
125 Q0 15 177 4.0000 3.4046893 STANDARD
125 Q0 16 946 3.0000 2.9540963 STANDARD
125 Q0 17 409 3.0000 4.4764786 STANDARD
125 Q0 18 187 3.0000 0 STANDARD
126 Q0 1 969 3.0000 2.6742754 STANDARD
126 Q0 2 970 3.0000 1.9554086 STANDARD
126 Q0 3 187 3.0000 0 STANDARD
126 Q0 4 971 3.0000 0 STANDARD
126 Q0 5 972 3.0000 0 STANDARD
126 Q0 6 973 3.0000 0 STANDARD
126 Q0 7 974 2.0000 11.852262 STANDARD
126 Q0 8 1326 2.0000 12.122267 STANDARD
126 Q0 9 942 -1.0000 3.0342488 STANDARD
127 Q0 1 944 -1.0000 6.8226986 STANDARD
127 Q0 2 164 2.0000 6.631514 STANDARD
127 Q0 3 101 2.0000 5.7533116 STANDARD
127 Q0 4 981 3.0000 9.065947 STANDARD
127 Q0 5 982 4.0000 0 STANDARD
127 Q0 6 983 4.0000 0 STANDARD
128 Q0 1 945 -1.0000 16.86109 STANDARD
128 Q0 2 985 3.0000 3.7682774 STANDARD
128 Q0 3 990 3.0000 0 STANDARD
129 Q0 1 945 -1.0000 14.276002 STANDARD
129 Q0 2 984 3.0000 4.116698 STANDARD
129 Q0 3 985 2.0000 8.4515705 STANDARD
129 Q0 4 986 4.0000 4.4875703 STANDARD
129 Q0 5 987 2.0000 9.270897 STANDARD
129 Q0 6 988 3.0000 10.847715 STANDARD
129 Q0 7 989 3.0000 10.612334 STANDARD
129 Q0 8 990 3.0000 4.69767 STANDARD
130 Q0 1 1008 3.0000 10.155127 STANDARD
130 Q0 2 948 -1.0000 16.851784 STANDARD
130 Q0 3 858 3.0000 8.102754 STANDARD
130 Q0 4 859 3.0000 18.345695 STANDARD
130 Q0 5 12 3.0000 0 STANDARD
130 Q0 6 766 2.0000 9.918305 STANDARD
131 Q0 1 1012 4.0000 8.075781 STANDARD
131 Q0 2 1013 3.0000 6.1793647 STANDARD
131 Q0 3 1014 2.0000 9.690867 STANDARD
131 Q0 4 950 -1.0000 18.854906 STANDARD
131 Q0 5 1016 3.0000 5.2154603 STANDARD
131 Q0 6 1017 3.0000 8.879014 STANDARD
131 Q0 7 1018 3.0000 6.621033 STANDARD
131 Q0 8 1019 3.0000 9.756236 STANDARD
131 Q0 9 1020 2.0000 6.449306 STANDARD
132 Q0 1 1024 4.0000 4.6371284 STANDARD
132 Q0 2 1025 3.0000 4.4552794 STANDARD
132 Q0 3 1026 3.0000 5.3420587 STANDARD
132 Q0 4 1012 4.0000 4.892306 STANDARD
132 Q0 5 1013 3.0000 5.3816643 STANDARD
132 Q0 6 1014 1.0000 5.0682015 STANDARD
132 Q0 7 950 -1.0000 6.2615967 STANDARD
132 Q0 8 1015 3.0000 5.1039166 STANDARD
132 Q0 9 951 3.0000 4.932508 STANDARD
132 Q0 10 1016 3.0000 4.517542 STANDARD
132 Q0 11 952 4.0000 3.9395196 STANDARD
132 Q0 12 1017 3.0000 5.9163623 STANDARD
132 Q0 13 1018 4.0000 4.646794 STANDARD
132 Q0 14 1019 4.0000 3.869073 STANDARD
132 Q0 15 1020 4.0000 5.173923 STANDARD
132 Q0 16 1023 3.0000 5.205932 STANDARD
133 Q0 1 1024 3.0000 4.6371284 STANDARD
133 Q0 2 1012 4.0000 4.892306 STANDARD
133 Q0 3 950 -1.0000 6.031146 STANDARD
133 Q0 4 1016 4.0000 5.3748116 STANDARD
133 Q0 5 1018 2.0000 4.646794 STANDARD
133 Q0 6 1019 2.0000 4.855295 STANDARD
133 Q0 7 1020 1.0000 5.173923 STANDARD
133 Q0 8 1022 4.0000 4.7841187 STANDARD
134 Q0 1 1027 2.0000 5.940498 STANDARD
134 Q0 2 1028 3.0000 7.85823 STANDARD
134 Q0 3 951 -1.0000 9.653959 STANDARD
135 Q0 1 1024 4.0000 7.989133 STANDARD
135 Q0 2 1025 4.0000 7.539704 STANDARD
135 Q0 3 1026 4.0000 8.924035 STANDARD
135 Q0 4 950 4.0000 9.246466 STANDARD
135 Q0 5 951 -1.0000 8.656429 STANDARD
135 Q0 6 1016 4.0000 8.437173 STANDARD
135 Q0 7 1017 4.0000 8.135445 STANDARD
135 Q0 8 1018 1.0000 8.095611 STANDARD
135 Q0 9 1023 4.0000 8.33922 STANDARD
136 Q0 1 951 -1.0000 9.23592 STANDARD
136 Q0 2 1034 4.0000 7.3059726 STANDARD
136 Q0 3 1021 1.0000 9.356774 STANDARD
136 Q0 4 1022 4.0000 4.7957754 STANDARD
137 Q0 1 1029 2.0000 7.1158204 STANDARD
137 Q0 2 951 3.0000 9.234156 STANDARD
137 Q0 3 952 -1.0000 34.40806 STANDARD
137 Q0 4 1034 3.0000 18.144238 STANDARD
137 Q0 5 1021 3.0000 15.3296585 STANDARD
138 Q0 1 953 -1.0000 8.10286 STANDARD
138 Q0 2 1036 1.0000 0 STANDARD
138 Q0 3 846 1.0000 9.389441 STANDARD
139 Q0 1 1031 2.0000 0 STANDARD
139 Q0 2 1032 2.0000 0 STANDARD
139 Q0 3 953 -1.0000 8.1769495 STANDARD
139 Q0 4 1035 2.0000 0 STANDARD
139 Q0 5 1037 4.0000 0 STANDARD
140 Q0 1 1041 2.0000 3.8145595 STANDARD
140 Q0 2 1042 2.0000 2.5984821 STANDARD
140 Q0 3 1043 4.0000 0 STANDARD
140 Q0 4 1044 4.0000 0 STANDARD
140 Q0 5 954 -1.0000 13.243496 STANDARD
140 Q0 6 1038 1.0000 8.380653 STANDARD
140 Q0 7 1039 1.0000 2.3914633 STANDARD
141 Q0 1 1041 1.0000 4.85686 STANDARD
141 Q0 2 1042 3.0000 0 STANDARD
141 Q0 3 1043 2.0000 7.134086 STANDARD
141 Q0 4 1044 2.0000 4.13894 STANDARD
141 Q0 5 954 -1.0000 4.7549787 STANDARD
141 Q0 6 1038 1.0000 7.621178 STANDARD
141 Q0 7 1039 3.0000 3.6990573 STANDARD
142 Q0 1 1042 1.0000 0 STANDARD
142 Q0 2 954 -1.0000 8.816506 STANDARD
143 Q0 1 1043 1.0000 8.335569 STANDARD
143 Q0 2 1044 1.0000 5.0588026 STANDARD
143 Q0 3 954 -1.0000 7.844835 STANDARD
144 Q0 1 1045 2.0000 14.36699 STANDARD
144 Q0 2 838 3.0000 13.094657 STANDARD
144 Q0 3 839 3.0000 15.39317 STANDARD
144 Q0 4 840 2.0000 12.354816 STANDARD
144 Q0 5 841 3.0000 6.2262006 STANDARD
144 Q0 6 763 3.0000 14.498741 STANDARD
144 Q0 7 955 -1.0000 16.390875 STANDARD
145 Q0 1 852 4.0000 0 STANDARD
145 Q0 2 1045 3.0000 11.822639 STANDARD
145 Q0 3 838 2.0000 10.651666 STANDARD
145 Q0 4 839 2.0000 12.382781 STANDARD
145 Q0 5 743 3.0000 3.981855 STANDARD
145 Q0 6 841 2.0000 0 STANDARD
145 Q0 7 763 2.0000 9.928898 STANDARD
145 Q0 8 955 -1.0000 8.858654 STANDARD
146 Q0 1 1045 3.0000 16.136793 STANDARD
146 Q0 2 840 1.0000 10.2329235 STANDARD
146 Q0 3 955 -1.0000 16.209805 STANDARD
147 Q0 1 1046 3.0000 3.230765 STANDARD
147 Q0 2 822 4.0000 2.9606075 STANDARD
147 Q0 3 1047 4.0000 3.5183947 STANDARD
147 Q0 4 1048 3.0000 3.8494406 STANDARD
147 Q0 5 889 3.0000 7.5972605 STANDARD
147 Q0 6 1049 4.0000 11.47435 STANDARD
147 Q0 7 1050 3.0000 19.071224 STANDARD
147 Q0 8 1051 4.0000 4.2547703 STANDARD
147 Q0 9 843 3.0000 8.220541 STANDARD
147 Q0 10 956 -1.0000 21.752993 STANDARD
147 Q0 11 926 4.0000 0 STANDARD
148 Q0 1 1046 3.0000 3.645681 STANDARD
148 Q0 2 1048 2.0000 10.623215 STANDARD
148 Q0 3 889 2.0000 3.805392 STANDARD
148 Q0 4 1049 3.0000 4.1013494 STANDARD
148 Q0 5 1050 2.0000 8.512545 STANDARD
148 Q0 6 843 3.0000 3.577019 STANDARD
148 Q0 7 956 -1.0000 11.242698 STANDARD
149 Q0 1 1057 3.0000 0 STANDARD
149 Q0 2 1058 3.0000 5.4276257 STANDARD
149 Q0 3 930 3.0000 8.786909 STANDARD
149 Q0 4 1059 3.0000 5.660325 STANDARD
149 Q0 5 931 3.0000 6.6415052 STANDARD
149 Q0 6 934 3.0000 4.956302 STANDARD
149 Q0 7 936 3.0000 4.461913 STANDARD
149 Q0 8 937 3.0000 5.721002 STANDARD
149 Q0 9 938 3.0000 4.13061 STANDARD
149 Q0 10 1131 3.0000 5.4287777 STANDARD
149 Q0 11 1052 4.0000 0 STANDARD
149 Q0 12 957 -1.0000 4.2192464 STANDARD
150 Q0 1 1074 3.0000 12.44695 STANDARD
150 Q0 2 1075 3.0000 12.41569 STANDARD
150 Q0 3 1062 -1.0000 13.216654 STANDARD
151 Q0 1 1074 3.0000 4.075961 STANDARD
151 Q0 2 1075 4.0000 4.034232 STANDARD
151 Q0 3 1076 2.0000 0 STANDARD
151 Q0 4 1077 4.0000 0 STANDARD
151 Q0 5 1062 -1.0000 4.082614 STANDARD
151 Q0 6 687 2.0000 0 STANDARD
152 Q0 1 1076 1.0000 5.955737 STANDARD
152 Q0 2 1077 3.0000 0 STANDARD
152 Q0 3 1062 -1.0000 5.3797154 STANDARD
152 Q0 4 569 3.0000 0 STANDARD
152 Q0 5 572 3.0000 0 STANDARD
152 Q0 6 687 4.0000 0 STANDARD
152 Q0 7 655 3.0000 0 STANDARD
153 Q0 1 1078 3.0000 4.6847982 STANDARD
153 Q0 2 1063 -1.0000 12.671468 STANDARD
153 Q0 3 1080 4.0000 0 STANDARD
153 Q0 4 1081 4.0000 7.787299 STANDARD
153 Q0 5 1082 4.0000 7.902927 STANDARD
153 Q0 6 1083 3.0000 0 STANDARD
153 Q0 7 1084 3.0000 0 STANDARD
153 Q0 8 1085 3.0000 7.8945537 STANDARD
154 Q0 1 1088 3.0000 15.7563925 STANDARD
154 Q0 2 1063 -1.0000 6.595852 STANDARD
154 Q0 3 1087 2.0000 6.1532693 STANDARD
155 Q0 1 1104 3.0000 0 STANDARD
155 Q0 2 983 3.0000 0 STANDARD
155 Q0 3 1065 -1.0000 5.4120092 STANDARD
155 Q0 4 1099 4.0000 3.9934108 STANDARD
155 Q0 5 1100 2.0000 3.9066942 STANDARD
155 Q0 6 1101 3.0000 7.2918262 STANDARD
155 Q0 7 1103 1.0000 0 STANDARD
156 Q0 1 1096 3.0000 9.794729 STANDARD
156 Q0 2 1097 2.0000 8.960327 STANDARD
156 Q0 3 553 2.0000 9.022883 STANDARD
156 Q0 4 1065 -1.0000 8.550442 STANDARD
156 Q0 5 1098 3.0000 7.7479935 STANDARD
156 Q0 6 1099 3.0000 6.5663414 STANDARD
156 Q0 7 1100 2.0000 6.2406645 STANDARD
156 Q0 8 1101 3.0000 3.8090951 STANDARD
156 Q0 9 1102 1.0000 0 STANDARD
156 Q0 10 1103 4.0000 2.4540052 STANDARD
156 Q0 11 1104 1.0000 0 STANDARD
156 Q0 12 274 2.0000 4.168912 STANDARD
156 Q0 13 82 3.0000 5.238408 STANDARD
156 Q0 14 982 4.0000 0 STANDARD
156 Q0 15 983 1.0000 0 STANDARD
157 Q0 1 456 2.0000 12.61635 STANDARD
157 Q0 2 1355 4.0000 0 STANDARD
157 Q0 3 655 3.0000 0 STANDARD
157 Q0 4 273 2.0000 6.1141443 STANDARD
157 Q0 5 1105 2.0000 7.3643336 STANDARD
157 Q0 6 657 3.0000 7.9621363 STANDARD
157 Q0 7 1106 2.0000 0 STANDARD
157 Q0 8 1107 2.0000 0 STANDARD
157 Q0 9 19 3.0000 0 STANDARD
157 Q0 10 215 3.0000 0 STANDARD
157 Q0 11 1304 3.0000 0 STANDARD
157 Q0 12 25 2.0000 10.083506 STANDARD
157 Q0 13 666 4.0000 0 STANDARD
157 Q0 14 410 2.0000 0 STANDARD
157 Q0 15 1307 3.0000 0 STANDARD
157 Q0 16 93 3.0000 0 STANDARD
157 Q0 17 605 3.0000 0 STANDARD
157 Q0 18 160 3.0000 11.720993 STANDARD
157 Q0 19 161 3.0000 8.547953 STANDARD
157 Q0 20 354 3.0000 0 STANDARD
157 Q0 21 482 3.0000 0 STANDARD
157 Q0 22 35 3.0000 0 STANDARD
157 Q0 23 36 3.0000 6.481227 STANDARD
157 Q0 24 421 3.0000 0 STANDARD
157 Q0 25 423 3.0000 8.129762 STANDARD
157 Q0 26 556 2.0000 11.884554 STANDARD
157 Q0 27 44 3.0000 7.3936505 STANDARD
157 Q0 28 557 3.0000 7.998111 STANDARD
157 Q0 29 302 3.0000 0 STANDARD
157 Q0 30 1006 -1.0000 15.015694 STANDARD
157 Q0 31 369 3.0000 9.960747 STANDARD
157 Q0 32 689 3.0000 6.7726264 STANDARD
157 Q0 33 626 2.0000 10.098897 STANDARD
157 Q0 34 370 3.0000 8.247699 STANDARD
157 Q0 35 1011 3.0000 0 STANDARD
157 Q0 36 372 2.0000 8.305128 STANDARD
157 Q0 37 122 4.0000 7.0836062 STANDARD
157 Q0 38 572 3.0000 0 STANDARD
157 Q0 39 318 3.0000 10.364342 STANDARD
157 Q0 40 1151 2.0000 7.9188175 STANDARD
158 Q0 1 1009 3.0000 2.7691975 STANDARD
158 Q0 2 273 4.0000 0 STANDARD
158 Q0 3 1010 3.0000 4.164599 STANDARD
158 Q0 4 1011 1.0000 3.3056471 STANDARD
158 Q0 5 998 3.0000 0 STANDARD
158 Q0 6 552 2.0000 5.485954 STANDARD
158 Q0 7 556 4.0000 0 STANDARD
158 Q0 8 302 1.0000 6.5254464 STANDARD
158 Q0 9 1006 -1.0000 0 STANDARD
159 Q0 1 1108 3.0000 0 STANDARD
159 Q0 2 1110 3.0000 0 STANDARD
159 Q0 3 1111 3.0000 0 STANDARD
159 Q0 4 231 3.0000 0 STANDARD
159 Q0 5 1112 3.0000 8.00979 STANDARD
159 Q0 6 234 3.0000 0 STANDARD
159 Q0 7 1114 4.0000 0 STANDARD
159 Q0 8 1066 -1.0000 14.609859 STANDARD
159 Q0 9 1115 4.0000 4.5774083 STANDARD
160 Q0 1 1136 4.0000 7.523617 STANDARD
160 Q0 2 1137 3.0000 7.0401616 STANDARD
160 Q0 3 1138 3.0000 0 STANDARD
160 Q0 4 1134 3.0000 16.804901 STANDARD
160 Q0 5 1135 4.0000 0 STANDARD
160 Q0 6 1071 -1.0000 24.402485 STANDARD
161 Q0 1 336 3.0000 0 STANDARD
161 Q0 2 562 3.0000 8.154547 STANDARD
161 Q0 3 996 4.0000 0 STANDARD
161 Q0 4 54 2.0000 16.089945 STANDARD
161 Q0 5 55 4.0000 12.129279 STANDARD
161 Q0 6 489 -1.0000 9.483731 STANDARD
161 Q0 7 1386 2.0000 17.603394 STANDARD
162 Q0 1 562 3.0000 10.638285 STANDARD
162 Q0 2 54 3.0000 11.369227 STANDARD
162 Q0 3 489 -1.0000 11.317677 STANDARD
162 Q0 4 458 1.0000 0 STANDARD
162 Q0 5 155 1.0000 0 STANDARD
162 Q0 6 459 1.0000 6.8294826 STANDARD
162 Q0 7 460 2.0000 12.898924 STANDARD
162 Q0 8 461 2.0000 10.820202 STANDARD
162 Q0 9 111 1.0000 6.7199283 STANDARD
163 Q0 1 20 3.0000 0 STANDARD
163 Q0 2 56 3.0000 12.104715 STANDARD
163 Q0 3 57 3.0000 11.901852 STANDARD
163 Q0 4 492 -1.0000 16.414818 STANDARD
164 Q0 1 416 3.0000 6.2175326 STANDARD
164 Q0 2 1364 3.0000 4.521099 STANDARD
164 Q0 3 311 2.0000 8.522821 STANDARD
164 Q0 4 1367 3.0000 3.2418928 STANDARD
164 Q0 5 503 -1.0000 6.066462 STANDARD
164 Q0 6 316 4.0000 5.6581106 STANDARD
164 Q0 7 798 3.0000 5.2444386 STANDARD
164 Q0 8 415 3.0000 6.667236 STANDARD
164 Q0 9 335 4.0000 3.578071 STANDARD
165 Q0 1 71 1.0000 8.6248665 STANDARD
165 Q0 2 72 1.0000 7.106154 STANDARD
165 Q0 3 504 -1.0000 11.635443 STANDARD
166 Q0 1 272 2.0000 0 STANDARD
166 Q0 2 1264 2.0000 0 STANDARD
166 Q0 3 418 2.0000 0 STANDARD
166 Q0 4 40 2.0000 0 STANDARD
166 Q0 5 504 -1.0000 12.337174 STANDARD
166 Q0 6 41 2.0000 0 STANDARD
166 Q0 7 74 2.0000 0 STANDARD
166 Q0 8 170 2.0000 4.962882 STANDARD
166 Q0 9 207 2.0000 6.247162 STANDARD
167 Q0 1 274 2.0000 7.721399 STANDARD
167 Q0 2 82 3.0000 7.045765 STANDARD
167 Q0 3 509 -1.0000 4.7279773 STANDARD
168 Q0 1 774 1.0000 0 STANDARD
168 Q0 2 217 1.0000 8.697641 STANDARD
168 Q0 3 750 -1.0000 12.845169 STANDARD
169 Q0 1 118 1.0000 12.247146 STANDARD
169 Q0 2 774 1.0000 0 STANDARD
169 Q0 3 775 1.0000 0 STANDARD
169 Q0 4 157 1.0000 11.755551 STANDARD
169 Q0 5 750 -1.0000 13.1236105 STANDARD
170 Q0 1 672 3.0000 0 STANDARD
170 Q0 2 904 3.0000 12.946694 STANDARD
170 Q0 3 906 3.0000 5.974789 STANDARD
170 Q0 4 139 2.0000 12.872927 STANDARD
170 Q0 5 893 -1.0000 9.486658 STANDARD
170 Q0 6 238 2.0000 10.633033 STANDARD
170 Q0 7 239 3.0000 9.66623 STANDARD
171 Q0 1 516 -1.0000 21.52242 STANDARD
171 Q0 2 252 1.0000 14.530206 STANDARD
171 Q0 3 141 4.0000 14.230585 STANDARD
171 Q0 4 431 1.0000 20.103825 STANDARD
172 Q0 1 320 1.0000 12.225785 STANDARD
172 Q0 2 321 1.0000 11.27631 STANDARD
172 Q0 3 322 3.0000 11.488564 STANDARD
172 Q0 4 476 3.0000 8.670508 STANDARD
172 Q0 5 527 -1.0000 11.495852 STANDARD
173 Q0 1 451 1.0000 11.070908 STANDARD
173 Q0 2 532 -1.0000 7.3934126 STANDARD
173 Q0 3 367 1.0000 7.565465 STANDARD
174 Q0 1 482 1.0000 0 STANDARD
174 Q0 2 36 2.0000 2.8685482 STANDARD
174 Q0 3 533 -1.0000 6.8301005 STANDARD
174 Q0 4 423 4.0000 0 STANDARD
174 Q0 5 58 1.0000 3.4042842 STANDARD
174 Q0 6 411 1.0000 5.2372084 STANDARD
175 Q0 1 964 3.0000 0 STANDARD
175 Q0 2 965 3.0000 3.570309 STANDARD
175 Q0 3 966 2.0000 0 STANDARD
175 Q0 4 967 2.0000 0 STANDARD
175 Q0 5 941 -1.0000 7.9890804 STANDARD
175 Q0 6 351 2.0000 5.4313984 STANDARD
176 Q0 1 978 4.0000 0 STANDARD
176 Q0 2 582 1.0000 4.4653797 STANDARD
176 Q0 3 982 1.0000 0 STANDARD
176 Q0 4 583 1.0000 0 STANDARD
176 Q0 5 584 3.0000 4.7878923 STANDARD
176 Q0 6 585 3.0000 0 STANDARD
176 Q0 7 586 1.0000 7.7498617 STANDARD
176 Q0 8 542 -1.0000 11.328717 STANDARD
177 Q0 1 592 3.0000 4.518442 STANDARD
177 Q0 2 772 3.0000 5.261979 STANDARD
177 Q0 3 588 2.0000 9.693317 STANDARD
177 Q0 4 589 2.0000 8.929651 STANDARD
177 Q0 5 590 4.0000 9.581151 STANDARD
177 Q0 6 543 -1.0000 9.79233 STANDARD
178 Q0 1 588 4.0000 4.8721366 STANDARD
178 Q0 2 589 4.0000 6.5258546 STANDARD
178 Q0 3 590 3.0000 5.652999 STANDARD
178 Q0 4 591 1.0000 6.5992413 STANDARD
178 Q0 5 543 -1.0000 5.439965 STANDARD
179 Q0 1 680 3.0000 13.961271 STANDARD
179 Q0 2 681 3.0000 0 STANDARD
179 Q0 3 633 -1.0000 21.843523 STANDARD
179 Q0 4 682 3.0000 14.318175 STANDARD
179 Q0 5 683 3.0000 0 STANDARD
180 Q0 1 548 -1.0000 12.47989 STANDARD
180 Q0 2 616 4.0000 9.744947 STANDARD
180 Q0 3 617 4.0000 8.938154 STANDARD
180 Q0 4 619 3.0000 2.4642165 STANDARD
180 Q0 5 620 3.0000 2.361384 STANDARD
180 Q0 6 621 3.0000 3.8869183 STANDARD
180 Q0 7 622 2.0000 8.009039 STANDARD
180 Q0 8 1150 4.0000 4.4609184 STANDARD
181 Q0 1 997 3.0000 6.671921 STANDARD
181 Q0 2 1061 3.0000 3.1493688 STANDARD
181 Q0 3 409 2.0000 4.980722 STANDARD
181 Q0 4 973 2.0000 3.4520469 STANDARD
181 Q0 5 974 2.0000 0 STANDARD
181 Q0 6 942 -1.0000 0 STANDARD
182 Q0 1 634 -1.0000 32.353504 STANDARD
182 Q0 2 685 1.0000 26.415054 STANDARD
182 Q0 3 686 3.0000 10.716432 STANDARD
183 Q0 1 802 2.0000 0 STANDARD
183 Q0 2 803 1.0000 0 STANDARD
183 Q0 3 804 4.0000 6.28244 STANDARD
183 Q0 4 805 4.0000 0 STANDARD
183 Q0 5 806 4.0000 4.4553246 STANDARD
183 Q0 6 807 3.0000 6.6120167 STANDARD
183 Q0 7 808 1.0000 6.6357985 STANDARD
183 Q0 8 809 1.0000 8.676718 STANDARD
183 Q0 9 810 4.0000 3.5009828 STANDARD
183 Q0 10 811 3.0000 7.0559883 STANDARD
183 Q0 11 758 -1.0000 7.278814 STANDARD
183 Q0 12 1243 4.0000 5.8623986 STANDARD
183 Q0 13 253 3.0000 3.4493053 STANDARD
183 Q0 14 1247 4.0000 4.3632145 STANDARD
184 Q0 1 32 3.0000 0 STANDARD
184 Q0 2 67 3.0000 4.919352 STANDARD
184 Q0 3 499 3.0000 0 STANDARD
184 Q0 4 1379 3.0000 5.2984586 STANDARD
184 Q0 5 715 3.0000 2.8809385 STANDARD
184 Q0 6 716 3.0000 3.8028498 STANDARD
184 Q0 7 717 4.0000 5.526464 STANDARD
184 Q0 8 639 -1.0000 3.1660466 STANDARD
185 Q0 1 1008 3.0000 6.5817976 STANDARD
185 Q0 2 948 -1.0000 6.261307 STANDARD
185 Q0 3 856 3.0000 9.3725605 STANDARD
185 Q0 4 857 2.0000 8.824182 STANDARD
185 Q0 5 858 2.0000 6.9722476 STANDARD
185 Q0 6 859 2.0000 5.914205 STANDARD
185 Q0 7 285 4.0000 5.175846 STANDARD
185 Q0 8 894 4.0000 5.4013643 STANDARD
185 Q0 9 766 2.0000 6.952046 STANDARD
185 Q0 10 15 4.0000 5.436819 STANDARD
186 Q0 1 1280 3.0000 0 STANDARD
186 Q0 2 161 4.0000 0 STANDARD
186 Q0 3 1377 4.0000 0 STANDARD
186 Q0 4 225 3.0000 0 STANDARD
186 Q0 5 1378 3.0000 0 STANDARD
186 Q0 6 1379 4.0000 0 STANDARD
186 Q0 7 1380 4.0000 0 STANDARD
186 Q0 8 1188 -1.0000 3.6925302 STANDARD
186 Q0 9 421 4.0000 0 STANDARD
186 Q0 10 1062 3.0000 8.415777 STANDARD
186 Q0 11 1074 3.0000 6.986381 STANDARD
186 Q0 12 1075 3.0000 6.7909 STANDARD
186 Q0 13 1304 3.0000 0 STANDARD
186 Q0 14 1305 3.0000 0 STANDARD
186 Q0 15 923 3.0000 6.700718 STANDARD
186 Q0 16 924 3.0000 6.2208853 STANDARD
186 Q0 17 1309 3.0000 0 STANDARD
187 Q0 1 1045 3.0000 0 STANDARD
187 Q0 2 838 3.0000 7.489536 STANDARD
187 Q0 3 839 3.0000 13.957491 STANDARD
187 Q0 4 743 4.0000 9.024614 STANDARD
187 Q0 5 840 3.0000 0 STANDARD
187 Q0 6 842 3.0000 0 STANDARD
187 Q0 7 763 -1.0000 17.96005 STANDARD
188 Q0 1 640 -1.0000 10.460882 STANDARD
188 Q0 2 721 2.0000 4.279823 STANDARD
188 Q0 3 722 2.0000 10.671995 STANDARD
188 Q0 4 723 2.0000 0 STANDARD
188 Q0 5 724 4.0000 4.472698 STANDARD
188 Q0 6 725 2.0000 12.162678 STANDARD
188 Q0 7 726 4.0000 0 STANDARD
188 Q0 8 728 2.0000 0 STANDARD
188 Q0 9 729 2.0000 7.512282 STANDARD
188 Q0 10 75 3.0000 0 STANDARD
188 Q0 11 909 3.0000 6.3053064 STANDARD
188 Q0 12 911 2.0000 6.110517 STANDARD
189 Q0 1 865 3.0000 6.0806904 STANDARD
189 Q0 2 866 2.0000 3.5759783 STANDARD
189 Q0 3 867 4.0000 4.870632 STANDARD
189 Q0 4 868 3.0000 5.2050357 STANDARD
189 Q0 5 869 2.0000 4.8777194 STANDARD
189 Q0 6 870 3.0000 7.190864 STANDARD
189 Q0 7 872 3.0000 0 STANDARD
189 Q0 8 873 3.0000 0 STANDARD
189 Q0 9 395 2.0000 0 STANDARD
189 Q0 10 767 -1.0000 11.181022 STANDARD
190 Q0 1 864 3.0000 0 STANDARD
190 Q0 2 390 3.0000 15.279191 STANDARD
190 Q0 3 391 1.0000 8.818121 STANDARD
190 Q0 4 285 2.0000 5.3349676 STANDARD
190 Q0 5 894 -1.0000 6.483585 STANDARD
190 Q0 6 15 1.0000 11.964917 STANDARD
191 Q0 1 864 3.0000 5.190752 STANDARD
191 Q0 2 390 4.0000 5.8871202 STANDARD
191 Q0 3 391 3.0000 6.1999397 STANDARD
191 Q0 4 15 3.0000 7.9466166 STANDARD
191 Q0 5 1008 4.0000 5.755217 STANDARD
191 Q0 6 914 1.0000 5.352053 STANDARD
191 Q0 7 658 3.0000 7.7189612 STANDARD
191 Q0 8 915 1.0000 0 STANDARD
191 Q0 9 948 3.0000 6.9915786 STANDARD
191 Q0 10 856 3.0000 6.4186826 STANDARD
191 Q0 11 857 2.0000 6.6623797 STANDARD
191 Q0 12 858 2.0000 6.393678 STANDARD
191 Q0 13 285 2.0000 5.5181527 STANDARD
191 Q0 14 894 -1.0000 8.649479 STANDARD
192 Q0 1 736 1.0000 0 STANDARD
192 Q0 2 641 -1.0000 10.18114 STANDARD
192 Q0 3 733 1.0000 3.4986138 STANDARD
192 Q0 4 734 1.0000 5.299773 STANDARD
192 Q0 5 735 1.0000 6.682682 STANDARD
193 Q0 1 1392 3.0000 5.3617625 STANDARD
193 Q0 2 736 4.0000 4.8477736 STANDARD
193 Q0 3 641 -1.0000 7.4779477 STANDARD
193 Q0 4 422 3.0000 6.779539 STANDARD
193 Q0 5 648 3.0000 4.53593 STANDARD
193 Q0 6 730 3.0000 7.380782 STANDARD
193 Q0 7 731 4.0000 0 STANDARD
193 Q0 8 733 4.0000 8.488028 STANDARD
193 Q0 9 734 4.0000 6.398601 STANDARD
193 Q0 10 735 4.0000 6.145692 STANDARD
194 Q0 1 642 -1.0000 20.080053 STANDARD
194 Q0 2 739 2.0000 11.994494 STANDARD
194 Q0 3 740 2.0000 13.614348 STANDARD
194 Q0 4 741 4.0000 11.492013 STANDARD
194 Q0 5 742 2.0000 8.981338 STANDARD
194 Q0 6 743 2.0000 10.201601 STANDARD
194 Q0 7 744 3.0000 16.868412 STANDARD
195 Q0 1 642 -1.0000 16.076576 STANDARD
195 Q0 2 739 3.0000 12.448017 STANDARD
195 Q0 3 742 3.0000 5.8242884 STANDARD
195 Q0 4 743 3.0000 7.701356 STANDARD
196 Q0 1 874 2.0000 0 STANDARD
196 Q0 2 202 3.0000 0 STANDARD
196 Q0 3 746 3.0000 6.643152 STANDARD
196 Q0 4 875 2.0000 7.2051973 STANDARD
196 Q0 5 12 4.0000 0 STANDARD
196 Q0 6 876 2.0000 0 STANDARD
196 Q0 7 13 3.0000 5.1995144 STANDARD
196 Q0 8 878 3.0000 0 STANDARD
196 Q0 9 879 3.0000 0 STANDARD
196 Q0 10 880 3.0000 0 STANDARD
196 Q0 11 51 2.0000 4.9751906 STANDARD
196 Q0 12 184 -1.0000 8.948271 STANDARD
196 Q0 13 185 2.0000 0 STANDARD
197 Q0 1 768 -1.0000 6.7315025 STANDARD
197 Q0 2 881 2.0000 9.127053 STANDARD
197 Q0 3 883 3.0000 4.333222 STANDARD
197 Q0 4 884 3.0000 8.795976 STANDARD
198 Q0 1 769 -1.0000 7.1081247 STANDARD
198 Q0 2 887 2.0000 7.1278872 STANDARD
198 Q0 3 888 2.0000 0 STANDARD
198 Q0 4 889 2.0000 9.4386215 STANDARD
198 Q0 5 843 3.0000 7.8249407 STANDARD
199 Q0 1 1056 2.0000 0 STANDARD
199 Q0 2 1060 2.0000 0 STANDARD
199 Q0 3 743 2.0000 0 STANDARD
199 Q0 4 744 2.0000 6.0572424 STANDARD
199 Q0 5 1052 1.0000 0 STANDARD
199 Q0 6 1053 1.0000 3.9372644 STANDARD
199 Q0 7 957 -1.0000 0 STANDARD
199 Q0 8 1054 2.0000 5.903174 STANDARD
199 Q0 9 1055 2.0000 5.8508024 STANDARD
200 Q0 1 1137 2.0000 8.194349 STANDARD
200 Q0 2 1138 2.0000 0 STANDARD
200 Q0 3 1134 2.0000 11.128109 STANDARD
200 Q0 4 1071 -1.0000 11.900412 STANDARD
201 Q0 1 160 4.0000 0 STANDARD
201 Q0 2 482 4.0000 4.028094 STANDARD
201 Q0 3 423 4.0000 3.797261 STANDARD
201 Q0 4 552 2.0000 4.2006917 STANDARD
201 Q0 5 110 4.0000 0 STANDARD
201 Q0 6 1391 4.0000 7.892975 STANDARD
201 Q0 7 1295 3.0000 5.657539 STANDARD
201 Q0 8 1296 2.0000 9.057306 STANDARD
201 Q0 9 625 2.0000 13.580187 STANDARD
201 Q0 10 401 3.0000 8.724533 STANDARD
201 Q0 11 369 4.0000 0 STANDARD
201 Q0 12 1140 -1.0000 0 STANDARD
201 Q0 13 1304 4.0000 0 STANDARD
201 Q0 14 93 3.0000 0 STANDARD
201 Q0 15 541 3.0000 6.2349305 STANDARD
201 Q0 16 318 3.0000 6.8262863 STANDARD
201 Q0 17 1151 3.0000 5.5193515 STANDARD
202 Q0 1 1285 -1.0000 14.42639 STANDARD
202 Q0 2 232 4.0000 8.282717 STANDARD
202 Q0 3 48 4.0000 0 STANDARD
202 Q0 4 1110 2.0000 0 STANDARD
202 Q0 5 1303 2.0000 5.21723 STANDARD
202 Q0 6 1304 2.0000 4.9814835 STANDARD
202 Q0 7 1305 4.0000 6.820261 STANDARD
202 Q0 8 1306 3.0000 4.899215 STANDARD
202 Q0 9 602 4.0000 0 STANDARD
202 Q0 10 603 4.0000 4.4881597 STANDARD
202 Q0 11 1308 3.0000 0 STANDARD
202 Q0 12 604 4.0000 0 STANDARD
202 Q0 13 1309 2.0000 0 STANDARD
202 Q0 14 605 3.0000 5.734548 STANDARD
202 Q0 15 1310 4.0000 12.134057 STANDARD
203 Q0 1 323 4.0000 0 STANDARD
203 Q0 2 1188 4.0000 0 STANDARD
203 Q0 3 1285 -1.0000 6.787891 STANDARD
203 Q0 4 232 4.0000 4.0103087 STANDARD
203 Q0 5 688 4.0000 0 STANDARD
203 Q0 6 19 3.0000 4.173742 STANDARD
203 Q0 7 1305 3.0000 0 STANDARD
203 Q0 8 58 3.0000 5.537744 STANDARD
203 Q0 9 1306 3.0000 5.3327727 STANDARD
203 Q0 10 602 4.0000 0 STANDARD
203 Q0 11 122 3.0000 6.5202694 STANDARD
203 Q0 12 603 4.0000 0 STANDARD
203 Q0 13 1307 3.0000 3.5933223 STANDARD
203 Q0 14 604 4.0000 0 STANDARD
203 Q0 15 1310 3.0000 5.829806 STANDARD
204 Q0 1 1188 4.0000 2.4732077 STANDARD
204 Q0 2 68 4.0000 0 STANDARD
204 Q0 3 1285 -1.0000 0 STANDARD
204 Q0 4 1355 4.0000 0 STANDARD
204 Q0 5 655 4.0000 0 STANDARD
204 Q0 6 307 4.0000 0 STANDARD
204 Q0 7 1305 4.0000 0 STANDARD
204 Q0 8 602 4.0000 0 STANDARD
204 Q0 9 603 4.0000 0 STANDARD
204 Q0 10 572 2.0000 3.2044 STANDARD
204 Q0 11 540 3.0000 2.3399024 STANDARD
204 Q0 12 604 4.0000 0 STANDARD
204 Q0 13 1213 4.0000 0 STANDARD
204 Q0 14 1311 2.0000 3.4274304 STANDARD
204 Q0 15 63 3.0000 0 STANDARD
205 Q0 1 1287 -1.0000 6.799639 STANDARD
205 Q0 2 1321 2.0000 5.0421596 STANDARD
205 Q0 3 1322 2.0000 0 STANDARD
206 Q0 1 1338 2.0000 11.892924 STANDARD
206 Q0 2 1290 -1.0000 24.586914 STANDARD
206 Q0 3 1340 3.0000 0 STANDARD
206 Q0 4 1341 2.0000 9.711893 STANDARD
207 Q0 1 1338 2.0000 5.524712 STANDARD
207 Q0 2 1290 -1.0000 7.389941 STANDARD
207 Q0 3 1339 2.0000 3.6766891 STANDARD
207 Q0 4 1340 3.0000 0 STANDARD
207 Q0 5 1341 3.0000 5.9740124 STANDARD
207 Q0 6 879 4.0000 0 STANDARD
208 Q0 1 1344 3.0000 13.537834 STANDARD
208 Q0 2 1345 3.0000 12.101997 STANDARD
208 Q0 3 1346 3.0000 9.155809 STANDARD
208 Q0 4 163 3.0000 17.607023 STANDARD
208 Q0 5 1347 4.0000 7.8992515 STANDARD
208 Q0 6 164 4.0000 9.900426 STANDARD
208 Q0 7 1291 -1.0000 25.722616 STANDARD
209 Q0 1 1350 3.0000 0 STANDARD
209 Q0 2 1351 2.0000 0 STANDARD
209 Q0 3 487 3.0000 7.0776033 STANDARD
209 Q0 4 1383 3.0000 5.6308613 STANDARD
209 Q0 5 1385 3.0000 0 STANDARD
209 Q0 6 1356 2.0000 0 STANDARD
209 Q0 7 1228 4.0000 0 STANDARD
209 Q0 8 1292 -1.0000 0 STANDARD
209 Q0 9 45 4.0000 7.4319806 STANDARD
209 Q0 10 1106 4.0000 5.7789936 STANDARD
209 Q0 11 55 4.0000 4.58463 STANDARD
209 Q0 12 187 3.0000 9.65118 STANDARD
209 Q0 13 316 4.0000 0 STANDARD
210 Q0 1 1171 2.0000 12.6930895 STANDARD
210 Q0 2 1172 3.0000 18.534096 STANDARD
210 Q0 3 1173 3.0000 10.281848 STANDARD
210 Q0 4 1030 4.0000 0 STANDARD
210 Q0 5 1174 3.0000 0 STANDARD
210 Q0 6 1145 -1.0000 13.975007 STANDARD
210 Q0 7 891 3.0000 8.484727 STANDARD
211 Q0 1 769 4.0000 7.6394696 STANDARD
211 Q0 2 1172 2.0000 7.1046567 STANDARD
211 Q0 3 1173 3.0000 8.69731 STANDARD
211 Q0 4 1174 3.0000 6.4602957 STANDARD
211 Q0 5 1030 4.0000 0 STANDARD
211 Q0 6 1031 4.0000 4.3283186 STANDARD
211 Q0 7 1033 4.0000 4.5026774 STANDARD
211 Q0 8 1145 -1.0000 8.290933 STANDARD
211 Q0 9 891 2.0000 6.080944 STANDARD
211 Q0 10 763 3.0000 8.526986 STANDARD
211 Q0 11 1052 4.0000 4.7592034 STANDARD
211 Q0 12 1068 4.0000 10.579805 STANDARD
212 Q0 1 769 3.0000 8.103097 STANDARD
212 Q0 2 841 4.0000 3.583276 STANDARD
212 Q0 3 843 3.0000 5.266058 STANDARD
212 Q0 4 885 3.0000 9.074559 STANDARD
212 Q0 5 1173 3.0000 7.9168015 STANDARD
212 Q0 6 886 3.0000 6.7194233 STANDARD
212 Q0 7 887 3.0000 5.471594 STANDARD
212 Q0 8 888 2.0000 13.769881 STANDARD
212 Q0 9 1176 4.0000 11.255307 STANDARD
212 Q0 10 889 2.0000 5.7274966 STANDARD
212 Q0 11 1177 4.0000 15.980444 STANDARD
212 Q0 12 1178 2.0000 15.663573 STANDARD
212 Q0 13 890 3.0000 7.850464 STANDARD
212 Q0 14 1146 -1.0000 8.964598 STANDARD
212 Q0 15 891 3.0000 0 STANDARD
213 Q0 1 769 3.0000 10.145412 STANDARD
213 Q0 2 885 2.0000 10.099064 STANDARD
213 Q0 3 1173 3.0000 10.133271 STANDARD
213 Q0 4 886 3.0000 0 STANDARD
213 Q0 5 887 2.0000 9.540066 STANDARD
213 Q0 6 888 1.0000 10.22584 STANDARD
213 Q0 7 889 2.0000 4.129163 STANDARD
213 Q0 8 1177 4.0000 5.3354306 STANDARD
213 Q0 9 1178 3.0000 6.981744 STANDARD
213 Q0 10 890 3.0000 7.208132 STANDARD
213 Q0 11 1146 -1.0000 6.871126 STANDARD
213 Q0 12 843 3.0000 4.1191134 STANDARD
214 Q0 1 833 3.0000 5.4079447 STANDARD
214 Q0 2 1361 3.0000 4.4203777 STANDARD
214 Q0 3 1362 3.0000 12.554009 STANDARD
214 Q0 4 1363 3.0000 0 STANDARD
214 Q0 5 1294 -1.0000 16.868608 STANDARD
215 Q0 1 35 4.0000 5.034781 STANDARD
215 Q0 2 37 4.0000 6.199768 STANDARD
215 Q0 3 535 -1.0000 13.681839 STANDARD
216 Q0 1 506 -1.0000 6.687604 STANDARD
216 Q0 2 156 1.0000 0 STANDARD
217 Q0 1 37 3.0000 0 STANDARD
217 Q0 2 1191 -1.0000 5.791959 STANDARD
217 Q0 3 1258 2.0000 0 STANDARD
217 Q0 4 1391 4.0000 4.3897824 STANDARD
217 Q0 5 559 3.0000 4.992286 STANDARD
217 Q0 6 1394 2.0000 6.9520297 STANDARD
217 Q0 7 1395 1.0000 7.123218 STANDARD
217 Q0 8 1107 3.0000 5.5008674 STANDARD
217 Q0 9 1204 3.0000 7.0477576 STANDARD
217 Q0 10 1300 3.0000 0 STANDARD
217 Q0 11 630 3.0000 0 STANDARD
217 Q0 12 666 1.0000 8.397203 STANDARD
217 Q0 13 667 1.0000 5.4604936 STANDARD
217 Q0 14 668 3.0000 0 STANDARD
217 Q0 15 1213 3.0000 5.997414 STANDARD
217 Q0 16 670 3.0000 6.3911834 STANDARD
218 Q0 1 101 1.0000 5.535361 STANDARD
218 Q0 2 1191 -1.0000 0 STANDARD
218 Q0 3 1258 4.0000 0 STANDARD
218 Q0 4 559 3.0000 5.0636907 STANDARD
218 Q0 5 1104 3.0000 4.6430173 STANDARD
218 Q0 6 1393 1.0000 6.2738495 STANDARD
218 Q0 7 1107 3.0000 0 STANDARD
218 Q0 8 1204 3.0000 5.179979 STANDARD
218 Q0 9 1300 3.0000 0 STANDARD
218 Q0 10 630 3.0000 0 STANDARD
218 Q0 11 662 3.0000 4.4303174 STANDARD
218 Q0 12 24 1.0000 0 STANDARD
218 Q0 13 666 3.0000 6.152348 STANDARD
218 Q0 14 667 3.0000 3.9940069 STANDARD
218 Q0 15 93 3.0000 3.5583706 STANDARD
218 Q0 16 1213 3.0000 4.3284144 STANDARD
219 Q0 1 1191 -1.0000 0 STANDARD
219 Q0 2 1258 2.0000 0 STANDARD
219 Q0 3 1198 3.0000 0 STANDARD
219 Q0 4 1391 1.0000 0 STANDARD
219 Q0 5 559 3.0000 0 STANDARD
219 Q0 6 1394 2.0000 0 STANDARD
219 Q0 7 1395 2.0000 0 STANDARD
219 Q0 8 1107 3.0000 0 STANDARD
219 Q0 9 1204 3.0000 0 STANDARD
219 Q0 10 1300 3.0000 4.4495015 STANDARD
219 Q0 11 1078 3.0000 0 STANDARD
219 Q0 12 630 3.0000 0 STANDARD
219 Q0 13 662 3.0000 0 STANDARD
219 Q0 14 1080 3.0000 0 STANDARD
219 Q0 15 1081 3.0000 0 STANDARD
219 Q0 16 666 2.0000 0 STANDARD
219 Q0 17 667 2.0000 3.77164 STANDARD
219 Q0 18 1213 3.0000 3.5285292 STANDARD
219 Q0 19 1214 3.0000 0 STANDARD
220 Q0 1 292 3.0000 9.21882 STANDARD
220 Q0 2 1382 3.0000 0 STANDARD
220 Q0 3 1383 2.0000 0 STANDARD
220 Q0 4 1384 3.0000 6.288032 STANDARD
220 Q0 5 1385 2.0000 0 STANDARD
220 Q0 6 1386 4.0000 6.4085774 STANDARD
220 Q0 7 458 4.0000 9.035831 STANDARD
220 Q0 8 459 3.0000 5.0305634 STANDARD
220 Q0 9 111 4.0000 5.5916986 STANDARD
220 Q0 10 241 3.0000 6.186471 STANDARD
220 Q0 11 977 4.0000 6.8329196 STANDARD
220 Q0 12 1365 3.0000 7.2204113 STANDARD
220 Q0 13 150 3.0000 0 STANDARD
220 Q0 14 1366 3.0000 4.9749165 STANDARD
220 Q0 15 376 3.0000 5.554746 STANDARD
220 Q0 16 1370 4.0000 0 STANDARD
220 Q0 17 155 3.0000 5.613901 STANDARD
220 Q0 18 62 3.0000 0 STANDARD
220 Q0 19 1182 -1.0000 6.9711018 STANDARD
220 Q0 20 479 4.0000 4.9673424 STANDARD
221 Q0 1 292 3.0000 5.5715475 STANDARD
221 Q0 2 1382 3.0000 4.833531 STANDARD
221 Q0 3 1383 2.0000 0 STANDARD
221 Q0 4 1384 4.0000 0 STANDARD
221 Q0 5 1385 2.0000 0 STANDARD
221 Q0 6 458 3.0000 7.8169403 STANDARD
221 Q0 7 1386 4.0000 8.0884285 STANDARD
221 Q0 8 459 3.0000 0 STANDARD
221 Q0 9 461 3.0000 0 STANDARD
221 Q0 10 111 3.0000 0 STANDARD
221 Q0 11 241 4.0000 0 STANDARD
221 Q0 12 1365 3.0000 0 STANDARD
221 Q0 13 1366 3.0000 8.444657 STANDARD
221 Q0 14 150 3.0000 0 STANDARD
221 Q0 15 1370 4.0000 5.212902 STANDARD
221 Q0 16 155 2.0000 4.471918 STANDARD
221 Q0 17 62 3.0000 6.0254464 STANDARD
221 Q0 18 1182 -1.0000 6.394718 STANDARD
221 Q0 19 479 3.0000 0 STANDARD
222 Q0 1 400 3.0000 6.7700825 STANDARD
222 Q0 2 1392 4.0000 0 STANDARD
222 Q0 3 419 3.0000 9.120542 STANDARD
222 Q0 4 1396 -1.0000 5.960392 STANDARD
222 Q0 5 1397 3.0000 0 STANDARD
222 Q0 6 1398 4.0000 3.687432 STANDARD
222 Q0 7 1399 4.0000 9.354696 STANDARD
222 Q0 8 1400 3.0000 6.6888123 STANDARD
222 Q0 9 1387 3.0000 3.6960099 STANDARD
222 Q0 10 412 4.0000 3.8744721 STANDARD
223 Q0 1 400 3.0000 11.592075 STANDARD
223 Q0 2 1392 3.0000 5.5400243 STANDARD
223 Q0 3 1396 -1.0000 7.8044 STANDARD
223 Q0 4 1398 3.0000 9.087599 STANDARD
223 Q0 5 1387 3.0000 9.220961 STANDARD
224 Q0 1 656 3.0000 7.841651 STANDARD
224 Q0 2 1313 3.0000 7.2444487 STANDARD
224 Q0 3 1316 4.0000 8.029632 STANDARD
224 Q0 4 1317 3.0000 0 STANDARD
224 Q0 5 1157 3.0000 7.2550826 STANDARD
224 Q0 6 1318 3.0000 7.0515523 STANDARD
224 Q0 7 1286 -1.0000 11.800034 STANDARD
224 Q0 8 1319 3.0000 5.8315177 STANDARD
224 Q0 9 1274 3.0000 5.9163413 STANDARD
225 Q0 1 448 3.0000 0 STANDARD
225 Q0 2 1280 3.0000 5.2081156 STANDARD
225 Q0 3 449 3.0000 0 STANDARD
225 Q0 4 1304 2.0000 0 STANDARD
225 Q0 5 1305 2.0000 0 STANDARD
225 Q0 6 923 3.0000 0 STANDARD
225 Q0 7 924 3.0000 0 STANDARD
225 Q0 8 1309 3.0000 0 STANDARD
225 Q0 9 161 4.0000 0 STANDARD
225 Q0 10 1377 4.0000 0 STANDARD
225 Q0 11 225 3.0000 8.768293 STANDARD
225 Q0 12 1378 3.0000 0 STANDARD
225 Q0 13 1379 2.0000 0 STANDARD
225 Q0 14 1380 4.0000 10.69166 STANDARD
225 Q0 15 1124 3.0000 7.1950164 STANDARD
225 Q0 16 1188 -1.0000 16.481981 STANDARD
225 Q0 17 293 3.0000 0 STANDARD
225 Q0 18 421 4.0000 0 STANDARD
225 Q0 19 1381 3.0000 0 STANDARD
225 Q0 20 1062 3.0000 0 STANDARD
225 Q0 21 40 3.0000 0 STANDARD
225 Q0 22 433 3.0000 0 STANDARD
225 Q0 23 1074 3.0000 0 STANDARD
225 Q0 24 1075 3.0000 0 STANDARD
225 Q0 25 1213 3.0000 0 STANDARD
