1 0 66 1 3 0 MULTI
1 0 195 2 4 4.9982414 MULTI
1 0 12 3 3 8.0933075 MULTI
1 0 13 4 4 9.761651 MULTI
1 0 14 5 4 6.4651456 MULTI
1 0 142 6 4 0 MULTI
1 0 462 7 4 0 MULTI
1 0 15 8 4 0 MULTI
1 0 858 9 3 3.4211261 MULTI
1 0 859 10 2 0 MULTI
1 0 29 11 2 3.5105114 MULTI
1 0 30 12 3 0 MULTI
1 0 31 13 2 0 MULTI
1 0 95 14 3 0 MULTI
1 0 37 15 3 0 MULTI
1 0 102 16 3 0 MULTI
1 0 486 17 -1 10.185851 MULTI
1 0 875 18 2 5.8938084 MULTI
1 0 876 19 3 3.3901846 MULTI
1 0 879 20 3 0 MULTI
1 0 880 21 3 4.778838 MULTI
1 0 497 22 3 0 MULTI
1 0 51 23 3 7.3461013 MULTI
1 0 52 24 4 3.247128 MULTI
1 0 184 25 2 11.150376 MULTI
1 0 56 26 3 0 MULTI
1 0 57 27 2 0 MULTI
1 0 185 28 3 0 MULTI
1 0 378 29 2 0 MULTI
2 0 643 1 3 0 MULTI
2 0 390 2 3 0 MULTI
2 0 391 3 3 0 MULTI
2 0 202 4 3 0 MULTI
2 0 12 5 1 14.505511 MULTI
2 0 14 6 4 7.575348 MULTI
2 0 15 7 2 0 MULTI
2 0 658 8 3 3.4678662 MULTI
2 0 856 9 3 0 MULTI
2 0 857 10 3 0 MULTI
2 0 858 11 2 0 MULTI
2 0 859 12 2 0 MULTI
2 0 285 13 3 0 MULTI
2 0 864 14 3 0 MULTI
2 0 102 15 3 0 MULTI
2 0 486 16 -1 3.9117858 MULTI
2 0 746 17 1 9.70299 MULTI
2 0 877 18 3 0 MULTI
2 0 497 19 3 0 MULTI
2 0 51 20 3 6.67554 MULTI
2 0 52 21 4 3.3124962 MULTI
2 0 948 22 2 0 MULTI
2 0 184 23 2 5.1924086 MULTI
2 0 442 24 4 0 MULTI
2 0 380 25 4 0 MULTI
3 0 144 1 3 9.348848 MULTI
3 0 5 2 3 10.474692 MULTI
3 0 181 3 3 9.313328 MULTI
3 0 485 4 -1 7.8847 MULTI
3 0 6 5 3 0 MULTI
3 0 119 6 3 4.2229667 MULTI
3 0 90 7 3 4.886089 MULTI
3 0 91 8 3 4.839284 MULTI
3 0 399 9 3 11.922328 MULTI
4 0 166 1 3 17.091791 MULTI
4 0 488 2 -1 12.659957 MULTI
4 0 236 3 3 7.9259553 MULTI
5 0 1296 1 1 6.1034575 MULTI
5 0 401 2 3 4.4626923 MULTI
5 0 1297 3 3 3.3258634 MULTI
5 0 552 4 1 4.9933167 MULTI
5 0 488 5 -1 4.5556283 MULTI
6 0 257 1 3 6.4953504 MULTI
6 0 258 2 3 0 MULTI
6 0 99 3 2 3.5820258 MULTI
6 0 115 4 3 3.4910653 MULTI
6 0 491 5 -1 7.8293543 MULTI
7 0 19 1 4 0 MULTI
7 0 20 2 2 0 MULTI
7 0 56 3 3 18.645975 MULTI
7 0 57 4 3 18.489805 MULTI
7 0 58 5 3 11.42044 MULTI
7 0 492 6 -1 33.242924 MULTI
8 0 48 1 1 5.8133235 MULTI
8 0 354 2 1 4.535957 MULTI
8 0 20 3 3 0 MULTI
8 0 196 4 3 4.3848457 MULTI
8 0 197 5 3 5.83002 MULTI
8 0 999 6 3 4.0959864 MULTI
8 0 360 7 1 0 MULTI
8 0 1112 8 3 0 MULTI
8 0 122 9 1 11.483662 MULTI
8 0 58 10 3 5.164244 MULTI
8 0 492 11 -1 8.348334 MULTI
8 0 1005 12 1 4.6149015 MULTI
9 0 21 1 2 3.3460598 MULTI
9 0 22 2 2 2.8632221 MULTI
9 0 550 3 2 3.061719 MULTI
9 0 534 4 -1 0 MULTI
10 0 259 1 2 0 MULTI
10 0 1011 2 3 3.4870307 MULTI
10 0 436 3 3 0 MULTI
10 0 405 4 2 6.133019 MULTI
10 0 437 5 3 0 MULTI
10 0 438 6 3 0 MULTI
10 0 998 7 3 0 MULTI
10 0 493 8 -1 12.894335 MULTI
10 0 302 9 3 8.841734 MULTI
11 0 160 1 4 0 MULTI
11 0 20 2 4 0 MULTI
11 0 262 3 3 7.3664384 MULTI
11 0 263 4 3 3.928056 MULTI
11 0 27 5 3 5.8124633 MULTI
11 0 28 6 3 6.4985757 MULTI
11 0 654 7 4 8.357082 MULTI
11 0 495 8 -1 14.020331 MULTI
12 0 624 1 -1 14.966954 MULTI
12 0 194 2 2 0 MULTI
12 0 86 3 2 4.5897775 MULTI
12 0 649 4 4 7.1619296 MULTI
12 0 650 5 2 6.8265114 MULTI
12 0 652 6 2 3.5439472 MULTI
13 0 64 1 2 0 MULTI
13 0 496 2 -1 12.059228 MULTI
13 0 65 3 4 0 MULTI
13 0 311 4 4 0 MULTI
13 0 265 5 2 0 MULTI
14 0 64 1 1 8.705161 MULTI
14 0 496 2 -1 0 MULTI
14 0 65 3 4 5.3716483 MULTI
15 0 497 1 -1 0 MULTI
15 0 462 2 3 7.503681 MULTI
15 0 463 3 1 6.0966153 MULTI
16 0 498 1 -1 13.950368 MULTI
16 0 196 2 3 4.7089663 MULTI
16 0 266 3 2 6.284042 MULTI
16 0 106 4 3 10.065271 MULTI
17 0 498 1 -1 8.092416 MULTI
17 0 196 2 3 5.8382354 MULTI
17 0 106 3 2 9.531158 MULTI
18 0 498 1 -1 9.407853 MULTI
18 0 196 2 2 7.334246 MULTI
18 0 197 3 2 9.869524 MULTI
18 0 198 4 2 0 MULTI
19 0 32 1 2 0 MULTI
19 0 67 2 2 0 MULTI
19 0 1379 3 4 5.4413576 MULTI
19 0 499 4 -1 0 MULTI
19 0 164 5 2 4.3541217 MULTI
19 0 715 6 3 0 MULTI
19 0 716 7 3 6.084464 MULTI
19 0 717 8 3 0 MULTI
19 0 639 9 3 0 MULTI
19 0 719 10 4 0 MULTI
20 0 500 1 -1 19.971384 MULTI
20 0 87 2 3 8.595894 MULTI
20 0 407 3 3 5.0152125 MULTI
20 0 88 4 3 11.997615 MULTI
20 0 104 5 3 4.7018366 MULTI
20 0 408 6 3 0 MULTI
20 0 267 7 3 5.707477 MULTI
20 0 268 8 3 12.222603 MULTI
20 0 269 9 3 5.5200186 MULTI
20 0 270 10 3 10.504986 MULTI
21 0 16 1 2 3.3419564 MULTI
21 0 502 2 -1 13.997222 MULTI
21 0 413 3 2 5.628569 MULTI
21 0 414 4 3 0 MULTI
21 0 271 5 1 6.3405175 MULTI
22 0 68 1 1 0 MULTI
22 0 502 2 -1 0 MULTI
23 0 704 1 2 0 MULTI
23 0 705 2 2 0 MULTI
23 0 899 3 3 3.717491 MULTI
23 0 900 4 1 0 MULTI
23 0 901 5 2 0 MULTI
23 0 902 6 1 7.2222486 MULTI
23 0 903 7 3 3.9534876 MULTI
23 0 199 8 4 0 MULTI
23 0 200 9 2 0 MULTI
23 0 201 10 2 0 MULTI
23 0 1289 11 2 4.390945 MULTI
23 0 1290 12 3 3.006018 MULTI
23 0 593 13 3 0 MULTI
23 0 594 14 4 0 MULTI
23 0 597 15 2 0 MULTI
23 0 917 16 3 3.5007682 MULTI
23 0 1109 17 2 4.0007977 MULTI
23 0 919 18 3 2.8091807 MULTI
23 0 1112 19 2 2.728183 MULTI
23 0 601 20 2 0 MULTI
23 0 544 21 2 0 MULTI
23 0 1256 22 2 0 MULTI
23 0 1259 23 2 3.8518496 MULTI
23 0 749 24 3 0 MULTI
23 0 1197 25 2 2.562207 MULTI
23 0 687 26 2 0 MULTI
23 0 1333 27 4 0 MULTI
23 0 1141 28 2 0 MULTI
23 0 1272 29 2 0 MULTI
23 0 634 30 2 3.6032095 MULTI
23 0 698 31 2 4.3901525 MULTI
23 0 700 32 2 2.6962078 MULTI
23 0 892 33 -1 6.4790215 MULTI
24 0 756 1 -1 8.42705 MULTI
24 0 92 2 3 0 MULTI
24 0 46 3 2 7.8816953 MULTI
24 0 47 4 2 4.79187 MULTI
25 0 212 1 3 7.4959946 MULTI
25 0 276 2 3 0 MULTI
25 0 213 3 2 5.763004 MULTI
25 0 277 4 3 8.410688 MULTI
25 0 214 5 3 7.0717287 MULTI
25 0 215 6 3 9.8224325 MULTI
25 0 216 7 3 7.454393 MULTI
25 0 426 8 3 5.914176 MULTI
25 0 427 9 3 0 MULTI
25 0 511 10 -1 8.170551 MULTI
26 0 145 1 1 11.426843 MULTI
26 0 611 2 1 12.278935 MULTI
26 0 1076 3 2 7.752329 MULTI
26 0 565 4 2 0 MULTI
26 0 406 5 2 0 MULTI
26 0 376 6 2 5.898435 MULTI
26 0 511 7 -1 0 MULTI
27 0 224 1 2 6.1698575 MULTI
27 0 512 2 -1 7.2656293 MULTI
27 0 278 3 3 0 MULTI
27 0 428 4 3 9.271292 MULTI
28 0 224 1 3 0 MULTI
28 0 512 2 -1 0 MULTI
28 0 279 3 3 0 MULTI
29 0 464 1 4 10.734431 MULTI
29 0 609 2 2 0 MULTI
29 0 225 3 3 6.397068 MULTI
29 0 465 4 4 13.4643955 MULTI
29 0 513 5 -1 10.79567 MULTI
29 0 514 6 2 10.802469 MULTI
29 0 466 7 4 4.573539 MULTI
29 0 612 8 2 12.588663 MULTI
29 0 793 9 3 0 MULTI
29 0 250 10 2 8.967311 MULTI
30 0 464 1 2 4.951348 MULTI
30 0 225 2 2 3.7052426 MULTI
30 0 609 3 3 0 MULTI
30 0 513 4 -1 6.522658 MULTI
30 0 514 5 2 3.5594635 MULTI
30 0 466 6 3 5.164858 MULTI
30 0 612 7 3 3.1480417 MULTI
30 0 793 8 4 0 MULTI
31 0 776 1 4 0 MULTI
31 0 751 2 -1 10.1998005 MULTI
32 0 752 1 -1 13.158864 MULTI
32 0 465 2 2 0 MULTI
32 0 247 3 4 4.9137397 MULTI
32 0 249 4 3 0 MULTI
32 0 777 5 3 0 MULTI
32 0 778 6 3 0 MULTI
32 0 250 7 4 5.705343 MULTI
33 0 516 1 -1 24.226307 MULTI
33 0 252 2 3 14.49794 MULTI
33 0 141 3 4 16.183372 MULTI
33 0 431 4 3 17.070066 MULTI
34 0 672 1 3 6.632907 MULTI
34 0 800 2 3 6.0125732 MULTI
34 0 516 3 -1 9.219217 MULTI
34 0 714 4 3 4.5440416 MULTI
34 0 252 5 1 5.7355533 MULTI
34 0 431 6 3 7.1614375 MULTI
34 0 799 7 3 8.332718 MULTI
35 0 132 1 3 3.1287098 MULTI
35 0 517 2 -1 0 MULTI
35 0 166 3 1 3.6017466 MULTI
35 0 167 4 1 0 MULTI
36 0 518 1 -1 5.946495 MULTI
36 0 168 2 3 5.913788 MULTI
36 0 169 3 2 0 MULTI
37 0 97 1 3 3.6479352 MULTI
37 0 242 2 3 3.633437 MULTI
37 0 487 3 3 3.8662436 MULTI
37 0 519 4 -1 3.92173 MULTI
37 0 121 5 3 4.381132 MULTI
37 0 409 6 3 4.923948 MULTI
37 0 187 7 3 0 MULTI
37 0 188 8 2 4.9705777 MULTI
37 0 172 9 3 0 MULTI
37 0 173 10 2 3.9256027 MULTI
38 0 272 1 3 4.8397384 MULTI
38 0 24 2 2 0 MULTI
38 0 552 3 2 3.1971736 MULTI
38 0 536 4 -1 7.0635047 MULTI
38 0 553 5 2 3.8976326 MULTI
38 0 554 6 2 0 MULTI
38 0 283 7 2 0 MULTI
38 0 555 8 2 0 MULTI
38 0 556 9 2 4.853943 MULTI
38 0 557 10 4 0 MULTI
38 0 558 11 4 3.9910452 MULTI
39 0 418 1 3 4.1718707 MULTI
39 0 552 2 2 0 MULTI
39 0 1257 3 3 5.6357064 MULTI
39 0 554 4 2 0 MULTI
39 0 555 5 1 0 MULTI
39 0 556 6 2 0 MULTI
39 0 557 7 4 0 MULTI
39 0 79 8 3 3.3317683 MULTI
39 0 207 9 3 5.383445 MULTI
39 0 272 10 1 4.7283163 MULTI
39 0 24 11 2 3.5772674 MULTI
39 0 536 12 -1 2.8313818 MULTI
39 0 505 13 3 3.0992043 MULTI
39 0 283 14 2 0 MULTI
40 0 552 1 2 2.9302351 MULTI
40 0 553 2 2 0 MULTI
40 0 554 3 2 0 MULTI
40 0 555 4 2 0 MULTI
40 0 556 5 2 2.3948996 MULTI
40 0 557 6 4 0 MULTI
40 0 558 7 4 0 MULTI
40 0 272 8 3 3.6599138 MULTI
40 0 976 9 3 2.8813052 MULTI
40 0 85 10 3 0 MULTI
40 0 24 11 2 2.638046 MULTI
40 0 536 12 -1 7.0340424 MULTI
40 0 283 13 2 0 MULTI
41 0 288 1 1 8.1707535 MULTI
41 0 289 2 1 14.841922 MULTI
41 0 433 3 2 11.7933445 MULTI
41 0 520 4 -1 8.3996525 MULTI
42 0 467 1 3 10.081656 MULTI
42 0 468 2 2 11.724372 MULTI
42 0 469 3 3 11.627127 MULTI
42 0 470 4 3 0 MULTI
42 0 775 5 4 0 MULTI
42 0 521 6 -1 19.722555 MULTI
43 0 467 1 1 9.625658 MULTI
43 0 468 2 1 6.553704 MULTI
43 0 469 3 1 8.488009 MULTI
43 0 39 4 3 6.781475 MULTI
43 0 503 5 3 7.5183115 MULTI
43 0 775 6 3 0 MULTI
43 0 521 7 -1 7.0187545 MULTI
44 0 436 1 3 0 MULTI
44 0 437 2 4 0 MULTI
44 0 524 3 -1 0 MULTI
44 0 302 4 3 0 MULTI
45 0 481 1 3 5.498426 MULTI
45 0 1185 2 3 5.8648047 MULTI
45 0 1226 3 4 0 MULTI
45 0 1355 4 4 0 MULTI
45 0 525 5 -1 9.003222 MULTI
45 0 305 6 2 9.252139 MULTI
45 0 338 7 3 4.0272303 MULTI
45 0 308 8 3 3.6156332 MULTI
45 0 629 9 3 0 MULTI
45 0 663 10 3 0 MULTI
45 0 570 11 2 4.325514 MULTI
45 0 572 12 3 4.987991 MULTI
45 0 798 13 3 0 MULTI
46 0 481 1 3 6.107882 MULTI
46 0 1185 2 4 6.6709805 MULTI
46 0 1226 3 4 0 MULTI
46 0 1355 4 4 4.3662615 MULTI
46 0 525 5 -1 7.909964 MULTI
46 0 623 6 3 6.9392123 MULTI
46 0 305 7 2 9.045351 MULTI
46 0 338 8 3 4.866262 MULTI
46 0 84 9 4 7.2852073 MULTI
46 0 629 10 4 4.6865954 MULTI
46 0 663 11 4 0 MULTI
46 0 344 12 3 6.7995906 MULTI
46 0 570 13 3 4.4486756 MULTI
46 0 123 14 4 7.5185776 MULTI
46 0 572 15 4 6.6303744 MULTI
46 0 798 16 3 0 MULTI
47 0 1185 1 3 0 MULTI
47 0 1355 2 3 5.1858296 MULTI
47 0 525 3 -1 11.811612 MULTI
47 0 304 4 2 8.995721 MULTI
47 0 305 5 3 8.834492 MULTI
47 0 306 6 2 4.3085628 MULTI
47 0 307 7 2 9.76231 MULTI
47 0 308 8 4 6.661553 MULTI
47 0 629 9 3 4.884054 MULTI
47 0 309 10 2 5.766569 MULTI
47 0 310 11 2 9.299344 MULTI
47 0 663 12 3 7.6990304 MULTI
47 0 570 13 2 8.517022 MULTI
47 0 572 14 2 6.2084455 MULTI
47 0 798 15 3 0 MULTI
48 0 439 1 2 5.8848186 MULTI
48 0 311 2 3 0 MULTI
48 0 440 3 3 11.790507 MULTI
48 0 265 4 4 0 MULTI
48 0 314 5 4 0 MULTI
48 0 794 6 4 2.9263182 MULTI
48 0 187 7 4 0 MULTI
48 0 315 8 4 4.455653 MULTI
48 0 316 9 3 0 MULTI
48 0 797 10 3 9.423255 MULTI
48 0 798 11 3 3.753302 MULTI
48 0 526 12 -1 12.102839 MULTI
49 0 320 1 3 11.811651 MULTI
49 0 478 2 4 7.407949 MULTI
49 0 527 3 -1 14.426467 MULTI
50 0 528 1 -1 6.039579 MULTI
50 0 306 2 4 0 MULTI
50 0 629 3 2 5.4102626 MULTI
50 0 21 4 4 0 MULTI
50 0 326 5 2 7.1486373 MULTI
50 0 22 6 4 0 MULTI
50 0 94 7 4 0 MULTI
51 0 192 1 3 7.368266 MULTI
51 0 528 2 -1 9.578586 MULTI
51 0 629 3 2 6.7407327 MULTI
51 0 261 4 4 9.395425 MULTI
51 0 326 5 4 10.106162 MULTI
51 0 23 6 2 7.2654867 MULTI
51 0 105 7 2 5.4725604 MULTI
51 0 381 8 2 0 MULTI
51 0 94 9 1 7.5313077 MULTI
51 0 494 10 2 14.575783 MULTI
51 0 63 11 4 0 MULTI
52 0 528 1 -1 5.704141 MULTI
52 0 306 2 2 8.010716 MULTI
52 0 21 3 2 7.7068233 MULTI
52 0 22 4 2 5.592731 MULTI
52 0 326 5 4 6.0405416 MULTI
53 0 448 1 4 8.352585 MULTI
53 0 208 2 4 17.27329 MULTI
53 0 33 3 3 7.641207 MULTI
53 0 449 4 4 5.838591 MULTI
53 0 531 5 -1 11.511453 MULTI
53 0 296 6 3 9.470963 MULTI
53 0 297 7 4 7.463088 MULTI
53 0 298 8 4 9.532565 MULTI
53 0 299 9 4 0 MULTI
53 0 446 10 4 0 MULTI
53 0 447 11 4 9.010124 MULTI
54 0 560 1 3 7.6564884 MULTI
54 0 84 2 2 13.458682 MULTI
54 0 628 3 4 0 MULTI
54 0 101 4 3 7.5976706 MULTI
54 0 661 5 4 0 MULTI
54 0 294 6 3 8.058495 MULTI
54 0 24 7 3 0 MULTI
54 0 123 8 -1 17.236332 MULTI
54 0 364 9 3 10.121663 MULTI
54 0 365 10 3 10.848269 MULTI
55 0 16 1 2 8.4759655 MULTI
55 0 562 2 2 8.975694 MULTI
55 0 502 3 3 0 MULTI
55 0 375 4 2 5.1056595 MULTI
55 0 376 5 4 9.186689 MULTI
55 0 377 6 4 10.490283 MULTI
55 0 378 7 3 4.833453 MULTI
55 0 538 8 -1 4.8374443 MULTI
55 0 460 9 2 12.002873 MULTI
55 0 255 10 3 6.709905 MULTI
55 0 271 11 3 0 MULTI
56 0 705 1 4 0 MULTI
56 0 753 2 -1 16.835222 MULTI
56 0 643 3 4 4.106977 MULTI
56 0 1339 4 3 8.389136 MULTI
56 0 779 5 4 0 MULTI
56 0 379 6 4 6.719151 MULTI
56 0 380 7 2 4.7003136 MULTI
56 0 780 8 4 0 MULTI
56 0 749 9 3 5.615836 MULTI
56 0 14 10 4 10.211031 MULTI
56 0 686 11 4 6.1096377 MULTI
57 0 704 1 4 5.302065 MULTI
57 0 705 2 4 0 MULTI
57 0 746 3 3 0 MULTI
57 0 779 4 4 0 MULTI
57 0 780 5 4 0 MULTI
57 0 12 6 4 0 MULTI
57 0 14 7 4 4.5403666 MULTI
57 0 15 8 4 0 MULTI
57 0 593 9 3 3.8779278 MULTI
57 0 753 10 -1 10.683022 MULTI
57 0 914 11 3 0 MULTI
57 0 857 12 4 4.416863 MULTI
57 0 379 13 4 5.155856 MULTI
57 0 859 14 4 0 MULTI
57 0 380 15 2 7.12636 MULTI
58 0 784 1 4 5.7649055 MULTI
58 0 785 2 3 9.966956 MULTI
58 0 786 3 3 5.8039627 MULTI
58 0 754 4 -1 15.4157095 MULTI
58 0 787 5 3 5.491992 MULTI
58 0 788 6 2 11.206706 MULTI
58 0 789 7 4 8.585238 MULTI
58 0 23 8 4 5.9713616 MULTI
58 0 381 9 4 0 MULTI
58 0 382 10 4 0 MULTI
59 0 785 1 3 6.0585027 MULTI
59 0 786 2 3 6.1158032 MULTI
59 0 754 3 -1 5.281366 MULTI
59 0 787 4 3 0 MULTI
59 0 788 5 2 4.405992 MULTI
60 0 320 1 4 14.133212 MULTI
60 0 322 2 -1 16.30103 MULTI
60 0 475 3 2 0 MULTI
60 0 476 4 3 8.86916 MULTI
60 0 478 5 4 7.625601 MULTI
60 0 527 6 3 16.939262 MULTI
61 0 564 1 3 9.262874 MULTI
61 0 565 2 2 6.5684624 MULTI
61 0 661 3 4 0 MULTI
61 0 566 4 2 9.699147 MULTI
61 0 1159 5 3 0 MULTI
61 0 539 6 -1 10.450241 MULTI
62 0 566 1 1 5.5306964 MULTI
62 0 1078 2 3 0 MULTI
62 0 567 3 2 0 MULTI
62 0 1081 4 3 9.15619 MULTI
62 0 539 5 -1 0 MULTI
62 0 1084 6 2 0 MULTI
63 0 564 1 3 0 MULTI
63 0 566 2 3 0 MULTI
63 0 567 3 1 0 MULTI
63 0 539 4 -1 0 MULTI
64 0 627 1 -1 4.5736547 MULTI
64 0 390 2 1 7.526974 MULTI
64 0 391 3 2 4.8572235 MULTI
65 0 128 1 2 0 MULTI
65 0 384 2 3 0 MULTI
65 0 2 3 2 7.4657393 MULTI
65 0 418 4 4 0 MULTI
65 0 3 5 2 10.510403 MULTI
65 0 323 6 3 0 MULTI
65 0 324 7 3 0 MULTI
65 0 4 8 3 7.644125 MULTI
65 0 388 9 -1 10.810348 MULTI
65 0 393 10 3 8.1668 MULTI
65 0 394 11 3 0 MULTI
65 0 659 12 3 0 MULTI
65 0 180 13 3 8.065406 MULTI
65 0 629 14 2 6.4331517 MULTI
65 0 1302 15 3 4.648844 MULTI
65 0 664 16 2 8.385946 MULTI
66 0 659 1 3 6.416246 MULTI
66 0 180 2 3 0 MULTI
66 0 660 3 3 5.125643 MULTI
66 0 388 4 -1 5.3151703 MULTI
66 0 629 5 2 8.976599 MULTI
66 0 664 6 2 6.866311 MULTI
67 0 128 1 1 6.1067953 MULTI
67 0 2 2 1 8.979235 MULTI
67 0 3 3 1 8.155736 MULTI
67 0 323 4 3 0 MULTI
67 0 324 5 3 5.5201077 MULTI
67 0 4 6 3 7.8113966 MULTI
67 0 388 7 -1 7.6757417 MULTI
67 0 389 8 3 6.7790394 MULTI
67 0 393 9 3 8.594373 MULTI
67 0 394 10 3 0 MULTI
67 0 659 11 3 5.805756 MULTI
67 0 180 12 1 8.227965 MULTI
67 0 629 13 2 6.6107626 MULTI
67 0 1302 14 3 5.2205462 MULTI
67 0 664 15 2 7.9707575 MULTI
68 0 628 1 -1 15.778408 MULTI
68 0 101 2 3 0 MULTI
68 0 661 3 3 5.813029 MULTI
68 0 662 4 2 7.5730104 MULTI
68 0 460 5 3 0 MULTI
68 0 62 6 3 3.3701334 MULTI
69 0 336 1 4 0 MULTI
69 0 977 2 3 4.249199 MULTI
69 0 458 3 2 5.1043606 MULTI
69 0 570 4 2 4.6427073 MULTI
69 0 540 5 -1 6.86052 MULTI
69 0 62 6 3 4.5777874 MULTI
70 0 977 1 3 4.0924287 MULTI
70 0 307 2 3 3.763974 MULTI
70 0 101 3 3 0 MULTI
70 0 565 4 3 4.304377 MULTI
70 0 568 5 2 0 MULTI
70 0 24 6 4 3.2069352 MULTI
70 0 570 7 2 4.6427073 MULTI
70 0 283 8 3 0 MULTI
70 0 540 9 -1 7.941913 MULTI
70 0 333 10 1 3.17225 MULTI
70 0 62 11 2 5.6134434 MULTI
71 0 101 1 3 0 MULTI
71 0 569 2 1 4.335888 MULTI
71 0 571 3 1 0 MULTI
71 0 1355 4 2 0 MULTI
71 0 572 5 1 5.716178 MULTI
71 0 540 6 -1 6.603373 MULTI
71 0 1213 7 3 2.5319886 MULTI
71 0 798 8 4 2.5388987 MULTI
71 0 655 9 3 2.5415878 MULTI
72 0 128 1 4 0 MULTI
72 0 323 2 4 0 MULTI
72 0 324 3 2 0 MULTI
72 0 388 4 4 0 MULTI
72 0 494 5 3 0 MULTI
72 0 655 6 4 0 MULTI
72 0 304 7 3 0 MULTI
72 0 305 8 4 0 MULTI
72 0 21 9 2 0 MULTI
72 0 309 10 4 0 MULTI
72 0 629 11 -1 0 MULTI
72 0 630 12 2 8.172905 MULTI
72 0 663 13 4 6.7515826 MULTI
72 0 664 14 3 0 MULTI
72 0 570 15 3 0 MULTI
72 0 571 16 4 0 MULTI
72 0 94 17 3 0 MULTI
72 0 62 18 4 0 MULTI
73 0 160 1 3 8.2394085 MULTI
73 0 577 2 4 11.269679 MULTI
73 0 578 3 2 0 MULTI
73 0 68 4 3 0 MULTI
73 0 1252 5 3 5.9913683 MULTI
73 0 421 6 3 5.4184923 MULTI
73 0 1355 7 4 0 MULTI
73 0 332 8 2 20.254364 MULTI
73 0 1198 9 4 0 MULTI
73 0 655 10 4 0 MULTI
73 0 401 11 2 10.1937065 MULTI
73 0 625 12 2 11.523279 MULTI
73 0 1304 13 3 0 MULTI
73 0 25 14 4 6.416469 MULTI
73 0 571 15 3 0 MULTI
73 0 572 16 2 7.318735 MULTI
73 0 573 17 3 9.660007 MULTI
73 0 317 18 4 0 MULTI
73 0 1213 19 3 5.080921 MULTI
73 0 541 20 -1 17.60967 MULTI
73 0 574 21 3 8.488334 MULTI
74 0 576 1 2 9.081872 MULTI
74 0 656 2 2 4.613285 MULTI
74 0 578 3 4 0 MULTI
74 0 317 4 4 5.1393924 MULTI
74 0 541 5 -1 5.2712307 MULTI
74 0 574 6 4 5.7955737 MULTI
74 0 575 7 3 4.8020725 MULTI
75 0 324 1 3 8.771761 MULTI
75 0 630 2 -1 8.818486 MULTI
75 0 378 3 3 0 MULTI
75 0 666 4 3 0 MULTI
75 0 667 5 2 6.133027 MULTI
75 0 670 6 3 5.4701657 MULTI
76 0 324 1 3 0 MULTI
76 0 630 2 -1 11.02167 MULTI
76 0 329 3 3 7.0690765 MULTI
76 0 378 4 2 0 MULTI
76 0 666 5 3 10.407814 MULTI
76 0 667 6 2 10.858271 MULTI
76 0 670 7 3 6.0734468 MULTI
76 0 1391 8 3 7.773482 MULTI
77 0 630 1 -1 11.188072 MULTI
77 0 329 2 4 14.420388 MULTI
77 0 666 3 3 6.044937 MULTI
77 0 667 4 3 11.006532 MULTI
77 0 668 5 2 8.5095625 MULTI
77 0 670 6 3 5.722451 MULTI
77 0 1391 7 4 9.059416 MULTI
78 0 588 1 2 10.553764 MULTI
78 0 589 2 3 13.373386 MULTI
78 0 590 3 3 9.2414 MULTI
78 0 543 4 -1 11.858631 MULTI
79 0 688 1 4 0 MULTI
79 0 544 2 -1 11.305796 MULTI
79 0 708 3 4 6.0597196 MULTI
79 0 597 4 3 9.954721 MULTI
79 0 598 5 3 0 MULTI
79 0 713 6 4 0 MULTI
80 0 544 1 -1 10.82037 MULTI
80 0 594 2 1 0 MULTI
80 0 596 3 3 0 MULTI
80 0 597 4 1 0 MULTI
80 0 598 5 3 0 MULTI
81 0 672 1 1 9.290529 MULTI
81 0 631 2 -1 10.6015415 MULTI
81 0 799 3 4 9.231569 MULTI
82 0 676 1 2 10.234619 MULTI
82 0 677 2 2 13.804512 MULTI
82 0 678 3 3 10.734689 MULTI
82 0 679 4 3 6.7708426 MULTI
82 0 632 5 -1 8.234521 MULTI
82 0 205 6 3 0 MULTI
83 0 680 1 2 5.5196652 MULTI
83 0 681 2 2 0 MULTI
83 0 633 3 -1 5.679896 MULTI
83 0 682 4 2 2.9947457 MULTI
83 0 683 5 2 3.1257432 MULTI
84 0 608 1 3 0 MULTI
84 0 354 2 4 0 MULTI
84 0 962 3 3 5.5273724 MULTI
84 0 546 4 -1 7.405505 MULTI
84 0 406 5 2 6.094031 MULTI
84 0 294 6 3 10.140621 MULTI
84 0 1192 7 3 6.2317266 MULTI
84 0 873 8 4 7.637232 MULTI
84 0 522 9 4 9.055315 MULTI
84 0 1213 10 3 6.0586143 MULTI
84 0 606 11 2 5.8238225 MULTI
84 0 142 12 3 10.019859 MULTI
85 0 608 1 1 5.245998 MULTI
85 0 546 2 -1 0 MULTI
85 0 406 3 2 0 MULTI
85 0 710 4 3 7.5322537 MULTI
85 0 606 5 3 0 MULTI
86 0 594 1 3 11.110865 MULTI
86 0 755 2 -1 21.196793 MULTI
86 0 790 3 3 14.885162 MULTI
87 0 609 1 4 0 MULTI
87 0 562 2 3 0 MULTI
87 0 50 3 4 0 MULTI
87 0 611 4 2 0 MULTI
87 0 547 5 -1 9.316178 MULTI
87 0 612 6 4 0 MULTI
87 0 406 7 4 0 MULTI
87 0 236 8 4 0 MULTI
87 0 606 9 2 0 MULTI
88 0 548 1 -1 20.60173 MULTI
88 0 613 2 2 17.651085 MULTI
88 0 614 3 2 12.886204 MULTI
88 0 615 4 2 11.113895 MULTI
88 0 616 5 3 15.184128 MULTI
88 0 617 6 3 17.568735 MULTI
88 0 618 7 4 10.162616 MULTI
89 0 420 1 4 8.95714 MULTI
89 0 757 2 -1 13.432372 MULTI
89 0 793 3 2 12.4575 MULTI
89 0 794 4 2 8.97005 MULTI
89 0 795 5 4 5.570011 MULTI
89 0 796 6 4 9.836758 MULTI
89 0 797 7 3 11.78462 MULTI
90 0 800 1 4 0 MULTI
90 0 256 2 2 3.8308594 MULTI
90 0 291 3 3 5.47486 MULTI
90 0 1187 4 4 8.397389 MULTI
90 0 335 5 3 3.5691514 MULTI
90 0 1364 6 3 4.7958264 MULTI
90 0 757 7 -1 4.401196 MULTI
90 0 311 8 3 6.015661 MULTI
90 0 1367 9 4 3.5414 MULTI
90 0 793 10 3 4.593546 MULTI
90 0 794 11 2 4.1033015 MULTI
90 0 796 12 3 0 MULTI
90 0 797 13 2 4.28423 MULTI
90 0 798 14 2 5.58471 MULTI
91 0 800 1 3 6.034927 MULTI
91 0 672 2 4 5.396884 MULTI
91 0 801 3 2 4.079974 MULTI
91 0 1154 4 3 4.716111 MULTI
91 0 757 5 -1 0 MULTI
91 0 793 6 4 0 MULTI
91 0 794 7 4 0 MULTI
91 0 252 8 2 7.819097 MULTI
91 0 797 9 3 4.291565 MULTI
91 0 799 10 3 7.39948 MULTI
92 0 802 1 2 0 MULTI
92 0 803 2 2 0 MULTI
92 0 804 3 4 10.5587845 MULTI
92 0 805 4 4 5.772619 MULTI
92 0 806 5 4 11.255459 MULTI
92 0 807 6 4 12.768312 MULTI
92 0 808 7 3 8.01689 MULTI
92 0 809 8 3 10.347866 MULTI
92 0 810 9 4 11.109 MULTI
92 0 811 10 3 10.187037 MULTI
92 0 758 11 -1 14.669254 MULTI
92 0 1243 12 4 7.289439 MULTI
92 0 253 13 3 0 MULTI
92 0 1247 14 3 11.607962 MULTI
93 0 691 1 3 12.932239 MULTI
93 0 635 2 -1 18.836529 MULTI
94 0 354 1 4 6.0911784 MULTI
94 0 101 2 4 9.447342 MULTI
94 0 294 3 3 7.0601053 MULTI
94 0 1161 4 4 10.121887 MULTI
94 0 559 5 3 9.096786 MULTI
94 0 1104 6 4 9.593465 MULTI
94 0 689 7 4 7.074633 MULTI
94 0 1393 8 3 12.044874 MULTI
94 0 690 9 4 0 MULTI
94 0 1395 10 4 6.6140695 MULTI
94 0 24 11 1 7.3048177 MULTI
94 0 283 12 3 11.057887 MULTI
94 0 635 13 -1 6.164184 MULTI
95 0 662 1 4 8.146489 MULTI
95 0 283 2 1 6.736241 MULTI
95 0 635 3 -1 8.496061 MULTI
96 0 704 1 3 7.2250094 MULTI
96 0 705 2 3 8.6852455 MULTI
96 0 706 3 4 0 MULTI
96 0 1289 4 3 7.1590834 MULTI
96 0 779 5 3 8.012963 MULTI
96 0 792 6 4 0 MULTI
96 0 698 7 4 8.856644 MULTI
96 0 699 8 4 9.6725855 MULTI
96 0 1339 9 4 9.774686 MULTI
96 0 700 10 4 6.816135 MULTI
96 0 701 11 4 5.5491834 MULTI
96 0 637 12 -1 11.928667 MULTI
96 0 702 13 4 0 MULTI
96 0 703 14 3 0 MULTI
97 0 1289 1 4 5.8567986 MULTI
97 0 681 2 3 0 MULTI
97 0 698 3 4 0 MULTI
97 0 699 4 3 0 MULTI
97 0 779 5 3 7.528616 MULTI
97 0 1339 6 4 3.1430266 MULTI
97 0 700 7 3 0 MULTI
97 0 701 8 3 3.7178895 MULTI
97 0 637 9 -1 0 MULTI
97 0 702 10 3 0 MULTI
97 0 703 11 3 0 MULTI
98 0 708 1 4 0 MULTI
98 0 709 2 4 0 MULTI
98 0 711 3 4 0 MULTI
98 0 712 4 4 7.728871 MULTI
98 0 713 5 2 0 MULTI
98 0 638 6 -1 15.18514 MULTI
99 0 1379 1 3 5.9337077 MULTI
99 0 1001 2 3 0 MULTI
99 0 717 3 2 9.871098 MULTI
99 0 719 4 2 8.981449 MULTI
99 0 639 5 -1 12.114293 MULTI
100 0 1121 1 3 0 MULTI
100 0 1122 2 2 16.378872 MULTI
100 0 820 3 3 0 MULTI
100 0 821 4 2 0 MULTI
100 0 822 5 2 15.931246 MULTI
100 0 823 6 3 7.30117 MULTI
100 0 824 7 2 5.3778048 MULTI
100 0 760 8 -1 15.859307 MULTI
100 0 825 9 3 7.032321 MULTI
100 0 1051 10 3 14.292467 MULTI
101 0 817 1 2 14.099965 MULTI
101 0 818 2 2 10.350876 MULTI
101 0 819 3 2 15.747735 MULTI
101 0 820 4 3 12.735297 MULTI
101 0 824 5 2 6.355233 MULTI
101 0 760 6 -1 11.988441 MULTI
101 0 825 7 3 11.185813 MULTI
102 0 913 1 2 4.42005 MULTI
102 0 728 2 1 3.159484 MULTI
102 0 729 3 -1 5.662966 MULTI
102 0 910 4 3 6.8682113 MULTI
102 0 911 5 4 0 MULTI
103 0 761 1 -1 9.155865 MULTI
103 0 826 2 3 4.22577 MULTI
103 0 828 3 3 0 MULTI
104 0 833 1 3 5.0207906 MULTI
104 0 834 2 3 0 MULTI
104 0 835 3 3 6.685931 MULTI
104 0 836 4 3 5.2291026 MULTI
104 0 837 5 3 8.16887 MULTI
104 0 762 6 -1 13.856221 MULTI
105 0 848 1 3 19.811571 MULTI
105 0 844 2 4 4.2523794 MULTI
105 0 764 3 -1 18.841337 MULTI
105 0 845 4 4 3.2407904 MULTI
105 0 846 5 4 6.083197 MULTI
105 0 847 6 4 10.94302 MULTI
106 0 849 1 3 0 MULTI
106 0 844 2 4 3.6753926 MULTI
106 0 764 3 -1 4.7161813 MULTI
106 0 845 4 4 2.2055173 MULTI
106 0 846 5 3 3.668259 MULTI
106 0 847 6 2 3.6785865 MULTI
107 0 720 1 4 4.5328875 MULTI
107 0 640 2 -1 15.065043 MULTI
107 0 725 3 2 11.742158 MULTI
107 0 728 4 2 0 MULTI
107 0 729 5 3 7.0725727 MULTI
107 0 75 6 4 0 MULTI
107 0 909 7 4 10.154229 MULTI
107 0 911 8 3 8.48111 MULTI
108 0 720 1 4 9.616031 MULTI
108 0 640 2 -1 5.9350295 MULTI
108 0 723 3 4 5.878564 MULTI
108 0 724 4 2 8.706047 MULTI
108 0 726 5 2 7.410423 MULTI
108 0 727 6 2 7.8620377 MULTI
108 0 75 7 3 11.875662 MULTI
108 0 909 8 3 6.1322756 MULTI
109 0 980 1 3 0 MULTI
109 0 860 2 1 3.012906 MULTI
109 0 12 3 3 0 MULTI
109 0 861 4 1 0 MULTI
109 0 606 5 3 3.8769026 MULTI
109 0 766 6 -1 3.0398583 MULTI
110 0 1174 1 4 4.3192196 MULTI
110 0 862 2 1 0 MULTI
110 0 766 3 -1 4.7338495 MULTI
110 0 863 4 1 0 MULTI
110 0 31 5 3 4.2923 MULTI
111 0 864 1 2 4.999892 MULTI
111 0 914 2 3 3.9927094 MULTI
111 0 658 3 3 8.496573 MULTI
111 0 627 4 3 8.48982 MULTI
111 0 391 5 2 6.1178164 MULTI
111 0 392 6 3 6.12281 MULTI
111 0 894 7 -1 13.506377 MULTI
111 0 15 8 2 6.6196346 MULTI
112 0 641 1 -1 22.021141 MULTI
112 0 730 2 4 15.615326 MULTI
112 0 731 3 3 8.389832 MULTI
113 0 643 1 -1 0 MULTI
113 0 265 2 3 7.185021 MULTI
113 0 746 3 3 5.0759354 MULTI
113 0 748 4 3 8.963459 MULTI
113 0 749 5 3 0 MULTI
114 0 916 1 2 12.052588 MULTI
114 0 919 2 1 10.927373 MULTI
114 0 920 3 3 0 MULTI
114 0 921 4 3 0 MULTI
114 0 895 5 -1 20.752157 MULTI
115 0 51 1 2 4.5811224 MULTI
115 0 184 2 -1 7.4712024 MULTI
115 0 185 3 2 5.0369935 MULTI
115 0 874 4 4 0 MULTI
115 0 878 5 3 5.8762064 MULTI
116 0 896 1 -1 0 MULTI
116 0 360 2 3 0 MULTI
116 0 922 3 1 0 MULTI
116 0 492 4 4 0 MULTI
116 0 605 5 3 9.714097 MULTI
116 0 927 6 3 4.3517866 MULTI
117 0 896 1 -1 0 MULTI
117 0 360 2 2 4.8100753 MULTI
117 0 605 3 3 4.858472 MULTI
118 0 896 1 -1 0 MULTI
118 0 923 2 2 10.492144 MULTI
118 0 924 3 3 10.969988 MULTI
118 0 925 4 3 4.69144 MULTI
119 0 897 1 -1 10.601782 MULTI
119 0 926 2 4 12.926762 MULTI
120 0 769 1 -1 20.817823 MULTI
120 0 885 2 3 10.817873 MULTI
120 0 886 3 3 12.0041485 MULTI
120 0 887 4 2 16.388006 MULTI
120 0 888 5 3 9.2017 MULTI
120 0 889 6 4 9.000025 MULTI
120 0 890 7 2 14.397645 MULTI
120 0 1146 8 2 10.818455 MULTI
120 0 891 9 3 9.666373 MULTI
120 0 829 10 2 0 MULTI
121 0 769 1 -1 12.568934 MULTI
121 0 885 2 1 6.7235374 MULTI
121 0 886 3 1 6.5793347 MULTI
121 0 887 4 1 10.979209 MULTI
121 0 888 5 1 10.615482 MULTI
121 0 1146 6 2 10.802799 MULTI
121 0 890 7 1 10.60272 MULTI
121 0 891 8 1 7.169852 MULTI
122 0 898 1 -1 9.590098 MULTI
122 0 931 2 4 6.805601 MULTI
122 0 932 3 2 0 MULTI
122 0 934 4 4 7.7443094 MULTI
122 0 935 5 4 5.6579103 MULTI
122 0 936 6 2 4.626126 MULTI
122 0 937 7 2 4.797785 MULTI
122 0 938 8 2 6.198994 MULTI
122 0 1131 9 3 4.443322 MULTI
122 0 957 10 3 6.3881536 MULTI
123 0 966 1 2 4.5419636 MULTI
123 0 967 2 3 4.283143 MULTI
123 0 941 3 -1 5.043868 MULTI
124 0 964 1 3 0 MULTI
124 0 965 2 3 0 MULTI
124 0 967 3 2 0 MULTI
124 0 968 4 2 0 MULTI
124 0 941 5 -1 16.569536 MULTI
125 0 992 1 3 3.6724715 MULTI
125 0 994 2 3 3.6915643 MULTI
125 0 995 3 3 0 MULTI
125 0 997 4 2 6.3825583 MULTI
125 0 969 5 2 3.0083458 MULTI
125 0 970 6 2 5.107535 MULTI
125 0 971 7 2 4.0335927 MULTI
125 0 972 8 2 0 MULTI
125 0 973 9 3 3.4520469 MULTI
125 0 173 10 3 4.670713 MULTI
125 0 974 11 4 0 MULTI
125 0 174 12 2 3.9462397 MULTI
125 0 942 13 -1 0 MULTI
125 0 176 14 3 4.794063 MULTI
125 0 177 15 4 3.4046893 MULTI
125 0 946 16 3 2.9540963 MULTI
125 0 409 17 3 4.4764786 MULTI
125 0 187 18 3 0 MULTI
126 0 969 1 3 2.6742754 MULTI
126 0 970 2 3 1.9554086 MULTI
126 0 187 3 3 0 MULTI
126 0 971 4 3 0 MULTI
126 0 972 5 3 0 MULTI
126 0 973 6 3 0 MULTI
126 0 974 7 2 11.852262 MULTI
126 0 1326 8 2 12.122267 MULTI
126 0 942 9 -1 3.0342488 MULTI
127 0 944 1 -1 6.8226986 MULTI
127 0 164 2 2 6.631514 MULTI
127 0 101 3 2 5.7533116 MULTI
127 0 981 4 3 9.065947 MULTI
127 0 982 5 4 0 MULTI
127 0 983 6 4 0 MULTI
128 0 945 1 -1 16.86109 MULTI
128 0 985 2 3 3.7682774 MULTI
128 0 990 3 3 0 MULTI
129 0 945 1 -1 14.276002 MULTI
129 0 984 2 3 4.116698 MULTI
129 0 985 3 2 8.4515705 MULTI
129 0 986 4 4 4.4875703 MULTI
129 0 987 5 2 9.270897 MULTI
129 0 988 6 3 10.847715 MULTI
129 0 989 7 3 10.612334 MULTI
129 0 990 8 3 4.69767 MULTI
130 0 1008 1 3 10.155127 MULTI
130 0 948 2 -1 16.851784 MULTI
130 0 858 3 3 8.102754 MULTI
130 0 859 4 3 18.345695 MULTI
130 0 12 5 3 0 MULTI
130 0 766 6 2 9.918305 MULTI
131 0 1012 1 4 8.075781 MULTI
131 0 1013 2 3 6.1793647 MULTI
131 0 1014 3 2 9.690867 MULTI
131 0 950 4 -1 18.854906 MULTI
131 0 1016 5 3 5.2154603 MULTI
131 0 1017 6 3 8.879014 MULTI
131 0 1018 7 3 6.621033 MULTI
131 0 1019 8 3 9.756236 MULTI
131 0 1020 9 2 6.449306 MULTI
132 0 1024 1 4 4.6371284 MULTI
132 0 1025 2 3 4.4552794 MULTI
132 0 1026 3 3 5.3420587 MULTI
132 0 1012 4 4 4.892306 MULTI
132 0 1013 5 3 5.3816643 MULTI
132 0 1014 6 1 5.0682015 MULTI
132 0 950 7 -1 6.2615967 MULTI
132 0 1015 8 3 5.1039166 MULTI
132 0 951 9 3 4.932508 MULTI
132 0 1016 10 3 4.517542 MULTI
132 0 952 11 4 3.9395196 MULTI
132 0 1017 12 3 5.9163623 MULTI
132 0 1018 13 4 4.646794 MULTI
132 0 1019 14 4 3.869073 MULTI
132 0 1020 15 4 5.173923 MULTI
132 0 1023 16 3 5.205932 MULTI
133 0 1024 1 3 4.6371284 MULTI
133 0 1012 2 4 4.892306 MULTI
133 0 950 3 -1 6.031146 MULTI
133 0 1016 4 4 5.3748116 MULTI
133 0 1018 5 2 4.646794 MULTI
133 0 1019 6 2 4.855295 MULTI
133 0 1020 7 1 5.173923 MULTI
133 0 1022 8 4 4.7841187 MULTI
134 0 1027 1 2 5.940498 MULTI
134 0 1028 2 3 7.85823 MULTI
134 0 951 3 -1 9.653959 MULTI
135 0 1024 1 4 7.989133 MULTI
135 0 1025 2 4 7.539704 MULTI
135 0 1026 3 4 8.924035 MULTI
135 0 950 4 4 9.246466 MULTI
135 0 951 5 -1 8.656429 MULTI
135 0 1016 6 4 8.437173 MULTI
135 0 1017 7 4 8.135445 MULTI
135 0 1018 8 1 8.095611 MULTI
135 0 1023 9 4 8.33922 MULTI
136 0 951 1 -1 9.23592 MULTI
136 0 1034 2 4 7.3059726 MULTI
136 0 1021 3 1 9.356774 MULTI
136 0 1022 4 4 4.7957754 MULTI
137 0 1029 1 2 7.1158204 MULTI
137 0 951 2 3 9.234156 MULTI
137 0 952 3 -1 34.40806 MULTI
137 0 1034 4 3 18.144238 MULTI
137 0 1021 5 3 15.3296585 MULTI
138 0 953 1 -1 8.10286 MULTI
138 0 1036 2 1 0 MULTI
138 0 846 3 1 9.389441 MULTI
139 0 1031 1 2 0 MULTI
139 0 1032 2 2 0 MULTI
139 0 953 3 -1 8.1769495 MULTI
139 0 1035 4 2 0 MULTI
139 0 1037 5 4 0 MULTI
140 0 1041 1 2 3.8145595 MULTI
140 0 1042 2 2 2.5984821 MULTI
140 0 1043 3 4 0 MULTI
140 0 1044 4 4 0 MULTI
140 0 954 5 -1 13.243496 MULTI
140 0 1038 6 1 8.380653 MULTI
140 0 1039 7 1 2.3914633 MULTI
141 0 1041 1 1 4.85686 MULTI
141 0 1042 2 3 0 MULTI
141 0 1043 3 2 7.134086 MULTI
141 0 1044 4 2 4.13894 MULTI
141 0 954 5 -1 4.7549787 MULTI
141 0 1038 6 1 7.621178 MULTI
141 0 1039 7 3 3.6990573 MULTI
142 0 1042 1 1 0 MULTI
142 0 954 2 -1 8.816506 MULTI
143 0 1043 1 1 8.335569 MULTI
143 0 1044 2 1 5.0588026 MULTI
143 0 954 3 -1 7.844835 MULTI
144 0 1045 1 2 14.36699 MULTI
144 0 838 2 3 13.094657 MULTI
144 0 839 3 3 15.39317 MULTI
144 0 840 4 2 12.354816 MULTI
144 0 841 5 3 6.2262006 MULTI
144 0 763 6 3 14.498741 MULTI
144 0 955 7 -1 16.390875 MULTI
145 0 852 1 4 0 MULTI
145 0 1045 2 3 11.822639 MULTI
145 0 838 3 2 10.651666 MULTI
145 0 839 4 2 12.382781 MULTI
145 0 743 5 3 3.981855 MULTI
145 0 841 6 2 0 MULTI
145 0 763 7 2 9.928898 MULTI
145 0 955 8 -1 8.858654 MULTI
146 0 1045 1 3 16.136793 MULTI
146 0 840 2 1 10.2329235 MULTI
146 0 955 3 -1 16.209805 MULTI
147 0 1046 1 3 3.230765 MULTI
147 0 822 2 4 2.9606075 MULTI
147 0 1047 3 4 3.5183947 MULTI
147 0 1048 4 3 3.8494406 MULTI
147 0 889 5 3 7.5972605 MULTI
147 0 1049 6 4 11.47435 MULTI
147 0 1050 7 3 19.071224 MULTI
147 0 1051 8 4 4.2547703 MULTI
147 0 843 9 3 8.220541 MULTI
147 0 956 10 -1 21.752993 MULTI
147 0 926 11 4 0 MULTI
148 0 1046 1 3 3.645681 MULTI
148 0 1048 2 2 10.623215 MULTI
148 0 889 3 2 3.805392 MULTI
148 0 1049 4 3 4.1013494 MULTI
148 0 1050 5 2 8.512545 MULTI
148 0 843 6 3 3.577019 MULTI
148 0 956 7 -1 11.242698 MULTI
149 0 1057 1 3 0 MULTI
149 0 1058 2 3 5.4276257 MULTI
149 0 930 3 3 8.786909 MULTI
149 0 1059 4 3 5.660325 MULTI
149 0 931 5 3 6.6415052 MULTI
149 0 934 6 3 4.956302 MULTI
149 0 936 7 3 4.461913 MULTI
149 0 937 8 3 5.721002 MULTI
149 0 938 9 3 4.13061 MULTI
149 0 1131 10 3 5.4287777 MULTI
149 0 1052 11 4 0 MULTI
149 0 957 12 -1 4.2192464 MULTI
150 0 1074 1 3 12.44695 MULTI
150 0 1075 2 3 12.41569 MULTI
150 0 1062 3 -1 13.216654 MULTI
151 0 1074 1 3 4.075961 MULTI
151 0 1075 2 4 4.034232 MULTI
151 0 1076 3 2 0 MULTI
151 0 1077 4 4 0 MULTI
151 0 1062 5 -1 4.082614 MULTI
151 0 687 6 2 0 MULTI
152 0 1076 1 1 5.955737 MULTI
152 0 1077 2 3 0 MULTI
152 0 1062 3 -1 5.3797154 MULTI
152 0 569 4 3 0 MULTI
152 0 572 5 3 0 MULTI
152 0 687 6 4 0 MULTI
152 0 655 7 3 0 MULTI
153 0 1078 1 3 4.6847982 MULTI
153 0 1063 2 -1 12.671468 MULTI
153 0 1080 3 4 0 MULTI
153 0 1081 4 4 7.787299 MULTI
153 0 1082 5 4 7.902927 MULTI
153 0 1083 6 3 0 MULTI
153 0 1084 7 3 0 MULTI
153 0 1085 8 3 7.8945537 MULTI
154 0 1088 1 3 15.7563925 MULTI
154 0 1063 2 -1 6.595852 MULTI
154 0 1087 3 2 6.1532693 MULTI
155 0 1104 1 3 0 MULTI
155 0 983 2 3 0 MULTI
155 0 1065 3 -1 5.4120092 MULTI
155 0 1099 4 4 3.9934108 MULTI
155 0 1100 5 2 3.9066942 MULTI
155 0 1101 6 3 7.2918262 MULTI
155 0 1103 7 1 0 MULTI
156 0 1096 1 3 9.794729 MULTI
156 0 1097 2 2 8.960327 MULTI
156 0 553 3 2 9.022883 MULTI
156 0 1065 4 -1 8.550442 MULTI
156 0 1098 5 3 7.7479935 MULTI
156 0 1099 6 3 6.5663414 MULTI
156 0 1100 7 2 6.2406645 MULTI
156 0 1101 8 3 3.8090951 MULTI
156 0 1102 9 1 0 MULTI
156 0 1103 10 4 2.4540052 MULTI
156 0 1104 11 1 0 MULTI
156 0 274 12 2 4.168912 MULTI
156 0 82 13 3 5.238408 MULTI
156 0 982 14 4 0 MULTI
156 0 983 15 1 0 MULTI
157 0 456 1 2 12.61635 MULTI
157 0 1355 2 4 0 MULTI
157 0 655 3 3 0 MULTI
157 0 273 4 2 6.1141443 MULTI
157 0 1105 5 2 7.3643336 MULTI
157 0 657 6 3 7.9621363 MULTI
157 0 1106 7 2 0 MULTI
157 0 1107 8 2 0 MULTI
157 0 19 9 3 0 MULTI
157 0 215 10 3 0 MULTI
157 0 1304 11 3 0 MULTI
157 0 25 12 2 10.083506 MULTI
157 0 666 13 4 0 MULTI
157 0 410 14 2 0 MULTI
157 0 1307 15 3 0 MULTI
157 0 93 16 3 0 MULTI
157 0 605 17 3 0 MULTI
157 0 160 18 3 11.720993 MULTI
157 0 161 19 3 8.547953 MULTI
157 0 354 20 3 0 MULTI
157 0 482 21 3 0 MULTI
157 0 35 22 3 0 MULTI
157 0 36 23 3 6.481227 MULTI
157 0 421 24 3 0 MULTI
157 0 423 25 3 8.129762 MULTI
157 0 556 26 2 11.884554 MULTI
157 0 44 27 3 7.3936505 MULTI
157 0 557 28 3 7.998111 MULTI
157 0 302 29 3 0 MULTI
157 0 1006 30 -1 15.015694 MULTI
157 0 369 31 3 9.960747 MULTI
157 0 689 32 3 6.7726264 MULTI
157 0 626 33 2 10.098897 MULTI
157 0 370 34 3 8.247699 MULTI
157 0 1011 35 3 0 MULTI
157 0 372 36 2 8.305128 MULTI
157 0 122 37 4 7.0836062 MULTI
157 0 572 38 3 0 MULTI
157 0 318 39 3 10.364342 MULTI
157 0 1151 40 2 7.9188175 MULTI
158 0 1009 1 3 2.7691975 MULTI
158 0 273 2 4 0 MULTI
158 0 1010 3 3 4.164599 MULTI
158 0 1011 4 1 3.3056471 MULTI
158 0 998 5 3 0 MULTI
158 0 552 6 2 5.485954 MULTI
158 0 556 7 4 0 MULTI
158 0 302 8 1 6.5254464 MULTI
158 0 1006 9 -1 0 MULTI
159 0 1108 1 3 0 MULTI
159 0 1110 2 3 0 MULTI
159 0 1111 3 3 0 MULTI
159 0 231 4 3 0 MULTI
159 0 1112 5 3 8.00979 MULTI
159 0 234 6 3 0 MULTI
159 0 1114 7 4 0 MULTI
159 0 1066 8 -1 14.609859 MULTI
159 0 1115 9 4 4.5774083 MULTI
160 0 1136 1 4 7.523617 MULTI
160 0 1137 2 3 7.0401616 MULTI
160 0 1138 3 3 0 MULTI
160 0 1134 4 3 16.804901 MULTI
160 0 1135 5 4 0 MULTI
160 0 1071 6 -1 24.402485 MULTI
161 0 336 1 3 0 MULTI
161 0 562 2 3 8.154547 MULTI
161 0 996 3 4 0 MULTI
161 0 54 4 2 16.089945 MULTI
161 0 55 5 4 12.129279 MULTI
161 0 489 6 -1 9.483731 MULTI
161 0 1386 7 2 17.603394 MULTI
162 0 562 1 3 10.638285 MULTI
162 0 54 2 3 11.369227 MULTI
162 0 489 3 -1 11.317677 MULTI
162 0 458 4 1 0 MULTI
162 0 155 5 1 0 MULTI
162 0 459 6 1 6.8294826 MULTI
162 0 460 7 2 12.898924 MULTI
162 0 461 8 2 10.820202 MULTI
162 0 111 9 1 6.7199283 MULTI
163 0 20 1 3 0 MULTI
163 0 56 2 3 12.104715 MULTI
163 0 57 3 3 11.901852 MULTI
163 0 492 4 -1 16.414818 MULTI
164 0 416 1 3 6.2175326 MULTI
164 0 1364 2 3 4.521099 MULTI
164 0 311 3 2 8.522821 MULTI
164 0 1367 4 3 3.2418928 MULTI
164 0 503 5 -1 6.066462 MULTI
164 0 316 6 4 5.6581106 MULTI
164 0 798 7 3 5.2444386 MULTI
164 0 415 8 3 6.667236 MULTI
164 0 335 9 4 3.578071 MULTI
165 0 71 1 1 8.6248665 MULTI
165 0 72 2 1 7.106154 MULTI
165 0 504 3 -1 11.635443 MULTI
166 0 272 1 2 0 MULTI
166 0 1264 2 2 0 MULTI
166 0 418 3 2 0 MULTI
166 0 40 4 2 0 MULTI
166 0 504 5 -1 12.337174 MULTI
166 0 41 6 2 0 MULTI
166 0 74 7 2 0 MULTI
166 0 170 8 2 4.962882 MULTI
166 0 207 9 2 6.247162 MULTI
167 0 274 1 2 7.721399 MULTI
167 0 82 2 3 7.045765 MULTI
167 0 509 3 -1 4.7279773 MULTI
168 0 774 1 1 0 MULTI
168 0 217 2 1 8.697641 MULTI
168 0 750 3 -1 12.845169 MULTI
169 0 118 1 1 12.247146 MULTI
169 0 774 2 1 0 MULTI
169 0 775 3 1 0 MULTI
169 0 157 4 1 11.755551 MULTI
169 0 750 5 -1 13.1236105 MULTI
170 0 672 1 3 0 MULTI
170 0 904 2 3 12.946694 MULTI
170 0 906 3 3 5.974789 MULTI
170 0 139 4 2 12.872927 MULTI
170 0 893 5 -1 9.486658 MULTI
170 0 238 6 2 10.633033 MULTI
170 0 239 7 3 9.66623 MULTI
171 0 516 1 -1 21.52242 MULTI
171 0 252 2 1 14.530206 MULTI
171 0 141 3 4 14.230585 MULTI
171 0 431 4 1 20.103825 MULTI
172 0 320 1 1 12.225785 MULTI
172 0 321 2 1 11.27631 MULTI
172 0 322 3 3 11.488564 MULTI
172 0 476 4 3 8.670508 MULTI
172 0 527 5 -1 11.495852 MULTI
173 0 451 1 1 11.070908 MULTI
173 0 532 2 -1 7.3934126 MULTI
173 0 367 3 1 7.565465 MULTI
174 0 482 1 1 0 MULTI
174 0 36 2 2 2.8685482 MULTI
174 0 533 3 -1 6.8301005 MULTI
174 0 423 4 4 0 MULTI
174 0 58 5 1 3.4042842 MULTI
174 0 411 6 1 5.2372084 MULTI
175 0 964 1 3 0 MULTI
175 0 965 2 3 3.570309 MULTI
175 0 966 3 2 0 MULTI
175 0 967 4 2 0 MULTI
175 0 941 5 -1 7.9890804 MULTI
175 0 351 6 2 5.4313984 MULTI
176 0 978 1 4 0 MULTI
176 0 582 2 1 4.4653797 MULTI
176 0 982 3 1 0 MULTI
176 0 583 4 1 0 MULTI
176 0 584 5 3 4.7878923 MULTI
176 0 585 6 3 0 MULTI
176 0 586 7 1 7.7498617 MULTI
176 0 542 8 -1 11.328717 MULTI
177 0 592 1 3 4.518442 MULTI
177 0 772 2 3 5.261979 MULTI
177 0 588 3 2 9.693317 MULTI
177 0 589 4 2 8.929651 MULTI
177 0 590 5 4 9.581151 MULTI
177 0 543 6 -1 9.79233 MULTI
178 0 588 1 4 4.8721366 MULTI
178 0 589 2 4 6.5258546 MULTI
178 0 590 3 3 5.652999 MULTI
178 0 591 4 1 6.5992413 MULTI
178 0 543 5 -1 5.439965 MULTI
179 0 680 1 3 13.961271 MULTI
179 0 681 2 3 0 MULTI
179 0 633 3 -1 21.843523 MULTI
179 0 682 4 3 14.318175 MULTI
179 0 683 5 3 0 MULTI
180 0 548 1 -1 12.47989 MULTI
180 0 616 2 4 9.744947 MULTI
180 0 617 3 4 8.938154 MULTI
180 0 619 4 3 2.4642165 MULTI
180 0 620 5 3 2.361384 MULTI
180 0 621 6 3 3.8869183 MULTI
180 0 622 7 2 8.009039 MULTI
180 0 1150 8 4 4.4609184 MULTI
181 0 997 1 3 6.671921 MULTI
181 0 1061 2 3 3.1493688 MULTI
181 0 409 3 2 4.980722 MULTI
181 0 973 4 2 3.4520469 MULTI
181 0 974 5 2 0 MULTI
181 0 942 6 -1 0 MULTI
182 0 634 1 -1 32.353504 MULTI
182 0 685 2 1 26.415054 MULTI
182 0 686 3 3 10.716432 MULTI
183 0 802 1 2 0 MULTI
183 0 803 2 1 0 MULTI
183 0 804 3 4 6.28244 MULTI
183 0 805 4 4 0 MULTI
183 0 806 5 4 4.4553246 MULTI
183 0 807 6 3 6.6120167 MULTI
183 0 808 7 1 6.6357985 MULTI
183 0 809 8 1 8.676718 MULTI
183 0 810 9 4 3.5009828 MULTI
183 0 811 10 3 7.0559883 MULTI
183 0 758 11 -1 7.278814 MULTI
183 0 1243 12 4 5.8623986 MULTI
183 0 253 13 3 3.4493053 MULTI
183 0 1247 14 4 4.3632145 MULTI
184 0 32 1 3 0 MULTI
184 0 67 2 3 4.919352 MULTI
184 0 499 3 3 0 MULTI
184 0 1379 4 3 5.2984586 MULTI
184 0 715 5 3 2.8809385 MULTI
184 0 716 6 3 3.8028498 MULTI
184 0 717 7 4 5.526464 MULTI
184 0 639 8 -1 3.1660466 MULTI
185 0 1008 1 3 6.5817976 MULTI
185 0 948 2 -1 6.261307 MULTI
185 0 856 3 3 9.3725605 MULTI
185 0 857 4 2 8.824182 MULTI
185 0 858 5 2 6.9722476 MULTI
185 0 859 6 2 5.914205 MULTI
185 0 285 7 4 5.175846 MULTI
185 0 894 8 4 5.4013643 MULTI
185 0 766 9 2 6.952046 MULTI
185 0 15 10 4 5.436819 MULTI
186 0 1280 1 3 0 MULTI
186 0 161 2 4 0 MULTI
186 0 1377 3 4 0 MULTI
186 0 225 4 3 0 MULTI
186 0 1378 5 3 0 MULTI
186 0 1379 6 4 0 MULTI
186 0 1380 7 4 0 MULTI
186 0 1188 8 -1 3.6925302 MULTI
186 0 421 9 4 0 MULTI
186 0 1062 10 3 8.415777 MULTI
186 0 1074 11 3 6.986381 MULTI
186 0 1075 12 3 6.7909 MULTI
186 0 1304 13 3 0 MULTI
186 0 1305 14 3 0 MULTI
186 0 923 15 3 6.700718 MULTI
186 0 924 16 3 6.2208853 MULTI
186 0 1309 17 3 0 MULTI
187 0 1045 1 3 0 MULTI
187 0 838 2 3 7.489536 MULTI
187 0 839 3 3 13.957491 MULTI
187 0 743 4 4 9.024614 MULTI
187 0 840 5 3 0 MULTI
187 0 842 6 3 0 MULTI
187 0 763 7 -1 17.96005 MULTI
188 0 640 1 -1 10.460882 MULTI
188 0 721 2 2 4.279823 MULTI
188 0 722 3 2 10.671995 MULTI
188 0 723 4 2 0 MULTI
188 0 724 5 4 4.472698 MULTI
188 0 725 6 2 12.162678 MULTI
188 0 726 7 4 0 MULTI
188 0 728 8 2 0 MULTI
188 0 729 9 2 7.512282 MULTI
188 0 75 10 3 0 MULTI
188 0 909 11 3 6.3053064 MULTI
188 0 911 12 2 6.110517 MULTI
189 0 865 1 3 6.0806904 MULTI
189 0 866 2 2 3.5759783 MULTI
189 0 867 3 4 4.870632 MULTI
189 0 868 4 3 5.2050357 MULTI
189 0 869 5 2 4.8777194 MULTI
189 0 870 6 3 7.190864 MULTI
189 0 872 7 3 0 MULTI
189 0 873 8 3 0 MULTI
189 0 395 9 2 0 MULTI
189 0 767 10 -1 11.181022 MULTI
190 0 864 1 3 0 MULTI
190 0 390 2 3 15.279191 MULTI
190 0 391 3 1 8.818121 MULTI
190 0 285 4 2 5.3349676 MULTI
190 0 894 5 -1 6.483585 MULTI
190 0 15 6 1 11.964917 MULTI
191 0 864 1 3 5.190752 MULTI
191 0 390 2 4 5.8871202 MULTI
191 0 391 3 3 6.1999397 MULTI
191 0 15 4 3 7.9466166 MULTI
191 0 1008 5 4 5.755217 MULTI
191 0 914 6 1 5.352053 MULTI
191 0 658 7 3 7.7189612 MULTI
191 0 915 8 1 0 MULTI
191 0 948 9 3 6.9915786 MULTI
191 0 856 10 3 6.4186826 MULTI
191 0 857 11 2 6.6623797 MULTI
191 0 858 12 2 6.393678 MULTI
191 0 285 13 2 5.5181527 MULTI
191 0 894 14 -1 8.649479 MULTI
192 0 736 1 1 0 MULTI
192 0 641 2 -1 10.18114 MULTI
192 0 733 3 1 3.4986138 MULTI
192 0 734 4 1 5.299773 MULTI
192 0 735 5 1 6.682682 MULTI
193 0 1392 1 3 5.3617625 MULTI
193 0 736 2 4 4.8477736 MULTI
193 0 641 3 -1 7.4779477 MULTI
193 0 422 4 3 6.779539 MULTI
193 0 648 5 3 4.53593 MULTI
193 0 730 6 3 7.380782 MULTI
193 0 731 7 4 0 MULTI
193 0 733 8 4 8.488028 MULTI
193 0 734 9 4 6.398601 MULTI
193 0 735 10 4 6.145692 MULTI
194 0 642 1 -1 20.080053 MULTI
194 0 739 2 2 11.994494 MULTI
194 0 740 3 2 13.614348 MULTI
194 0 741 4 4 11.492013 MULTI
194 0 742 5 2 8.981338 MULTI
194 0 743 6 2 10.201601 MULTI
194 0 744 7 3 16.868412 MULTI
195 0 642 1 -1 16.076576 MULTI
195 0 739 2 3 12.448017 MULTI
195 0 742 3 3 5.8242884 MULTI
195 0 743 4 3 7.701356 MULTI
196 0 874 1 2 0 MULTI
196 0 202 2 3 0 MULTI
196 0 746 3 3 6.643152 MULTI
196 0 875 4 2 7.2051973 MULTI
196 0 12 5 4 0 MULTI
196 0 876 6 2 0 MULTI
196 0 13 7 3 5.1995144 MULTI
196 0 878 8 3 0 MULTI
196 0 879 9 3 0 MULTI
196 0 880 10 3 0 MULTI
196 0 51 11 2 4.9751906 MULTI
196 0 184 12 -1 8.948271 MULTI
196 0 185 13 2 0 MULTI
197 0 768 1 -1 6.7315025 MULTI
197 0 881 2 2 9.127053 MULTI
197 0 883 3 3 4.333222 MULTI
197 0 884 4 3 8.795976 MULTI
198 0 769 1 -1 7.1081247 MULTI
198 0 887 2 2 7.1278872 MULTI
198 0 888 3 2 0 MULTI
198 0 889 4 2 9.4386215 MULTI
198 0 843 5 3 7.8249407 MULTI
199 0 1056 1 2 0 MULTI
199 0 1060 2 2 0 MULTI
199 0 743 3 2 0 MULTI
199 0 744 4 2 6.0572424 MULTI
199 0 1052 5 1 0 MULTI
199 0 1053 6 1 3.9372644 MULTI
199 0 957 7 -1 0 MULTI
199 0 1054 8 2 5.903174 MULTI
199 0 1055 9 2 5.8508024 MULTI
200 0 1137 1 2 8.194349 MULTI
200 0 1138 2 2 0 MULTI
200 0 1134 3 2 11.128109 MULTI
200 0 1071 4 -1 11.900412 MULTI
201 0 160 1 4 0 MULTI
201 0 482 2 4 4.028094 MULTI
201 0 423 3 4 3.797261 MULTI
201 0 552 4 2 4.2006917 MULTI
201 0 110 5 4 0 MULTI
201 0 1391 6 4 7.892975 MULTI
201 0 1295 7 3 5.657539 MULTI
201 0 1296 8 2 9.057306 MULTI
201 0 625 9 2 13.580187 MULTI
201 0 401 10 3 8.724533 MULTI
201 0 369 11 4 0 MULTI
201 0 1140 12 -1 0 MULTI
201 0 1304 13 4 0 MULTI
201 0 93 14 3 0 MULTI
201 0 541 15 3 6.2349305 MULTI
201 0 318 16 3 6.8262863 MULTI
201 0 1151 17 3 5.5193515 MULTI
202 0 1285 1 -1 14.42639 MULTI
202 0 232 2 4 8.282717 MULTI
202 0 48 3 4 0 MULTI
202 0 1110 4 2 0 MULTI
202 0 1303 5 2 5.21723 MULTI
202 0 1304 6 2 4.9814835 MULTI
202 0 1305 7 4 6.820261 MULTI
202 0 1306 8 3 4.899215 MULTI
202 0 602 9 4 0 MULTI
202 0 603 10 4 4.4881597 MULTI
202 0 1308 11 3 0 MULTI
202 0 604 12 4 0 MULTI
202 0 1309 13 2 0 MULTI
202 0 605 14 3 5.734548 MULTI
202 0 1310 15 4 12.134057 MULTI
203 0 323 1 4 0 MULTI
203 0 1188 2 4 0 MULTI
203 0 1285 3 -1 6.787891 MULTI
203 0 232 4 4 4.0103087 MULTI
203 0 688 5 4 0 MULTI
203 0 19 6 3 4.173742 MULTI
203 0 1305 7 3 0 MULTI
203 0 58 8 3 5.537744 MULTI
203 0 1306 9 3 5.3327727 MULTI
203 0 602 10 4 0 MULTI
203 0 122 11 3 6.5202694 MULTI
203 0 603 12 4 0 MULTI
203 0 1307 13 3 3.5933223 MULTI
203 0 604 14 4 0 MULTI
203 0 1310 15 3 5.829806 MULTI
204 0 1188 1 4 2.4732077 MULTI
204 0 68 2 4 0 MULTI
204 0 1285 3 -1 0 MULTI
204 0 1355 4 4 0 MULTI
204 0 655 5 4 0 MULTI
204 0 307 6 4 0 MULTI
204 0 1305 7 4 0 MULTI
204 0 602 8 4 0 MULTI
204 0 603 9 4 0 MULTI
204 0 572 10 2 3.2044 MULTI
204 0 540 11 3 2.3399024 MULTI
204 0 604 12 4 0 MULTI
204 0 1213 13 4 0 MULTI
204 0 1311 14 2 3.4274304 MULTI
204 0 63 15 3 0 MULTI
205 0 1287 1 -1 6.799639 MULTI
205 0 1321 2 2 5.0421596 MULTI
205 0 1322 3 2 0 MULTI
206 0 1338 1 2 11.892924 MULTI
206 0 1290 2 -1 24.586914 MULTI
206 0 1340 3 3 0 MULTI
206 0 1341 4 2 9.711893 MULTI
207 0 1338 1 2 5.524712 MULTI
207 0 1290 2 -1 7.389941 MULTI
207 0 1339 3 2 3.6766891 MULTI
207 0 1340 4 3 0 MULTI
207 0 1341 5 3 5.9740124 MULTI
207 0 879 6 4 0 MULTI
208 0 1344 1 3 13.537834 MULTI
208 0 1345 2 3 12.101997 MULTI
208 0 1346 3 3 9.155809 MULTI
208 0 163 4 3 17.607023 MULTI
208 0 1347 5 4 7.8992515 MULTI
208 0 164 6 4 9.900426 MULTI
208 0 1291 7 -1 25.722616 MULTI
209 0 1350 1 3 0 MULTI
209 0 1351 2 2 0 MULTI
209 0 487 3 3 7.0776033 MULTI
209 0 1383 4 3 5.6308613 MULTI
209 0 1385 5 3 0 MULTI
209 0 1356 6 2 0 MULTI
209 0 1228 7 4 0 MULTI
209 0 1292 8 -1 0 MULTI
209 0 45 9 4 7.4319806 MULTI
209 0 1106 10 4 5.7789936 MULTI
209 0 55 11 4 4.58463 MULTI
209 0 187 12 3 9.65118 MULTI
209 0 316 13 4 0 MULTI
210 0 1171 1 2 12.6930895 MULTI
210 0 1172 2 3 18.534096 MULTI
210 0 1173 3 3 10.281848 MULTI
210 0 1030 4 4 0 MULTI
210 0 1174 5 3 0 MULTI
210 0 1145 6 -1 13.975007 MULTI
210 0 891 7 3 8.484727 MULTI
211 0 769 1 4 7.6394696 MULTI
211 0 1172 2 2 7.1046567 MULTI
211 0 1173 3 3 8.69731 MULTI
211 0 1174 4 3 6.4602957 MULTI
211 0 1030 5 4 0 MULTI
211 0 1031 6 4 4.3283186 MULTI
211 0 1033 7 4 4.5026774 MULTI
211 0 1145 8 -1 8.290933 MULTI
211 0 891 9 2 6.080944 MULTI
211 0 763 10 3 8.526986 MULTI
211 0 1052 11 4 4.7592034 MULTI
211 0 1068 12 4 10.579805 MULTI
212 0 769 1 3 8.103097 MULTI
212 0 841 2 4 3.583276 MULTI
212 0 843 3 3 5.266058 MULTI
212 0 885 4 3 9.074559 MULTI
212 0 1173 5 3 7.9168015 MULTI
212 0 886 6 3 6.7194233 MULTI
212 0 887 7 3 5.471594 MULTI
212 0 888 8 2 13.769881 MULTI
212 0 1176 9 4 11.255307 MULTI
212 0 889 10 2 5.7274966 MULTI
212 0 1177 11 4 15.980444 MULTI
212 0 1178 12 2 15.663573 MULTI
212 0 890 13 3 7.850464 MULTI
212 0 1146 14 -1 8.964598 MULTI
212 0 891 15 3 0 MULTI
213 0 769 1 3 10.145412 MULTI
213 0 885 2 2 10.099064 MULTI
213 0 1173 3 3 10.133271 MULTI
213 0 886 4 3 0 MULTI
213 0 887 5 2 9.540066 MULTI
213 0 888 6 1 10.22584 MULTI
213 0 889 7 2 4.129163 MULTI
213 0 1177 8 4 5.3354306 MULTI
213 0 1178 9 3 6.981744 MULTI
213 0 890 10 3 7.208132 MULTI
213 0 1146 11 -1 6.871126 MULTI
213 0 843 12 3 4.1191134 MULTI
214 0 833 1 3 5.4079447 MULTI
214 0 1361 2 3 4.4203777 MULTI
214 0 1362 3 3 12.554009 MULTI
214 0 1363 4 3 0 MULTI
214 0 1294 5 -1 16.868608 MULTI
215 0 35 1 4 5.034781 MULTI
215 0 37 2 4 6.199768 MULTI
215 0 535 3 -1 13.681839 MULTI
216 0 506 1 -1 6.687604 MULTI
216 0 156 2 1 0 MULTI
217 0 37 1 3 0 MULTI
217 0 1191 2 -1 5.791959 MULTI
217 0 1258 3 2 0 MULTI
217 0 1391 4 4 4.3897824 MULTI
217 0 559 5 3 4.992286 MULTI
217 0 1394 6 2 6.9520297 MULTI
217 0 1395 7 1 7.123218 MULTI
217 0 1107 8 3 5.5008674 MULTI
217 0 1204 9 3 7.0477576 MULTI
217 0 1300 10 3 0 MULTI
217 0 630 11 3 0 MULTI
217 0 666 12 1 8.397203 MULTI
217 0 667 13 1 5.4604936 MULTI
217 0 668 14 3 0 MULTI
217 0 1213 15 3 5.997414 MULTI
217 0 670 16 3 6.3911834 MULTI
218 0 101 1 1 5.535361 MULTI
218 0 1191 2 -1 0 MULTI
218 0 1258 3 4 0 MULTI
218 0 559 4 3 5.0636907 MULTI
218 0 1104 5 3 4.6430173 MULTI
218 0 1393 6 1 6.2738495 MULTI
218 0 1107 7 3 0 MULTI
218 0 1204 8 3 5.179979 MULTI
218 0 1300 9 3 0 MULTI
218 0 630 10 3 0 MULTI
218 0 662 11 3 4.4303174 MULTI
218 0 24 12 1 0 MULTI
218 0 666 13 3 6.152348 MULTI
218 0 667 14 3 3.9940069 MULTI
218 0 93 15 3 3.5583706 MULTI
218 0 1213 16 3 4.3284144 MULTI
219 0 1191 1 -1 0 MULTI
219 0 1258 2 2 0 MULTI
219 0 1198 3 3 0 MULTI
219 0 1391 4 1 0 MULTI
219 0 559 5 3 0 MULTI
219 0 1394 6 2 0 MULTI
219 0 1395 7 2 0 MULTI
219 0 1107 8 3 0 MULTI
219 0 1204 9 3 0 MULTI
219 0 1300 10 3 4.4495015 MULTI
219 0 1078 11 3 0 MULTI
219 0 630 12 3 0 MULTI
219 0 662 13 3 0 MULTI
219 0 1080 14 3 0 MULTI
219 0 1081 15 3 0 MULTI
219 0 666 16 2 0 MULTI
219 0 667 17 2 3.77164 MULTI
219 0 1213 18 3 3.5285292 MULTI
219 0 1214 19 3 0 MULTI
220 0 292 1 3 9.21882 MULTI
220 0 1382 2 3 0 MULTI
220 0 1383 3 2 0 MULTI
220 0 1384 4 3 6.288032 MULTI
220 0 1385 5 2 0 MULTI
220 0 1386 6 4 6.4085774 MULTI
220 0 458 7 4 9.035831 MULTI
220 0 459 8 3 5.0305634 MULTI
220 0 111 9 4 5.5916986 MULTI
220 0 241 10 3 6.186471 MULTI
220 0 977 11 4 6.8329196 MULTI
220 0 1365 12 3 7.2204113 MULTI
220 0 150 13 3 0 MULTI
220 0 1366 14 3 4.9749165 MULTI
220 0 376 15 3 5.554746 MULTI
220 0 1370 16 4 0 MULTI
220 0 155 17 3 5.613901 MULTI
220 0 62 18 3 0 MULTI
220 0 1182 19 -1 6.9711018 MULTI
220 0 479 20 4 4.9673424 MULTI
221 0 292 1 3 5.5715475 MULTI
221 0 1382 2 3 4.833531 MULTI
221 0 1383 3 2 0 MULTI
221 0 1384 4 4 0 MULTI
221 0 1385 5 2 0 MULTI
221 0 458 6 3 7.8169403 MULTI
221 0 1386 7 4 8.0884285 MULTI
221 0 459 8 3 0 MULTI
221 0 461 9 3 0 MULTI
221 0 111 10 3 0 MULTI
221 0 241 11 4 0 MULTI
221 0 1365 12 3 0 MULTI
221 0 1366 13 3 8.444657 MULTI
221 0 150 14 3 0 MULTI
221 0 1370 15 4 5.212902 MULTI
221 0 155 16 2 4.471918 MULTI
221 0 62 17 3 6.0254464 MULTI
221 0 1182 18 -1 6.394718 MULTI
221 0 479 19 3 0 MULTI
222 0 400 1 3 6.7700825 MULTI
222 0 1392 2 4 0 MULTI
222 0 419 3 3 9.120542 MULTI
222 0 1396 4 -1 5.960392 MULTI
222 0 1397 5 3 0 MULTI
222 0 1398 6 4 3.687432 MULTI
222 0 1399 7 4 9.354696 MULTI
222 0 1400 8 3 6.6888123 MULTI
222 0 1387 9 3 3.6960099 MULTI
222 0 412 10 4 3.8744721 MULTI
223 0 400 1 3 11.592075 MULTI
223 0 1392 2 3 5.5400243 MULTI
223 0 1396 3 -1 7.8044 MULTI
223 0 1398 4 3 9.087599 MULTI
223 0 1387 5 3 9.220961 MULTI
224 0 656 1 3 7.841651 MULTI
224 0 1313 2 3 7.2444487 MULTI
224 0 1316 3 4 8.029632 MULTI
224 0 1317 4 3 0 MULTI
224 0 1157 5 3 7.2550826 MULTI
224 0 1318 6 3 7.0515523 MULTI
224 0 1286 7 -1 11.800034 MULTI
224 0 1319 8 3 5.8315177 MULTI
224 0 1274 9 3 5.9163413 MULTI
225 0 448 1 3 0 MULTI
225 0 1280 2 3 5.2081156 MULTI
225 0 449 3 3 0 MULTI
225 0 1304 4 2 0 MULTI
225 0 1305 5 2 0 MULTI
225 0 923 6 3 0 MULTI
225 0 924 7 3 0 MULTI
225 0 1309 8 3 0 MULTI
225 0 161 9 4 0 MULTI
225 0 1377 10 4 0 MULTI
225 0 225 11 3 8.768293 MULTI
225 0 1378 12 3 0 MULTI
225 0 1379 13 2 0 MULTI
225 0 1380 14 4 10.69166 MULTI
225 0 1124 15 3 7.1950164 MULTI
225 0 1188 16 -1 16.481981 MULTI
225 0 293 17 3 0 MULTI
225 0 421 18 4 0 MULTI
225 0 1381 19 3 0 MULTI
225 0 1062 20 3 0 MULTI
225 0 40 21 3 0 MULTI
225 0 433 22 3 0 MULTI
225 0 1074 23 3 0 MULTI
225 0 1075 24 3 0 MULTI
225 0 1213 25 3 0 MULTI
