1 0 66 1 3 2.4416382 standard
1 0 195 2 4 4.9982414 standard
1 0 12 3 3 8.0933075 standard
1 0 13 4 4 9.761651 standard
1 0 14 5 4 6.4651456 standard
1 0 142 6 4 0.9679102 standard
1 0 462 7 4 0.00356321 standard
1 0 15 8 4 0.0036200054 standard
1 0 858 9 3 3.4211261 standard
1 0 859 10 2 2.1309276 standard
1 0 29 11 2 3.5105114 standard
1 0 30 12 3 0.36344975 standard
1 0 31 13 2 0.0033213852 standard
1 0 95 14 3 1.2609217 standard
1 0 37 15 3 0.54696083 standard
1 0 102 16 3 2.8893723 standard
1 0 486 17 -1 10.185851 standard
1 0 875 18 2 5.8938084 standard
1 0 876 19 3 3.3901846 standard
1 0 879 20 3 1.9608365 standard
1 0 880 21 3 4.778838 standard
1 0 497 22 3 2.1126196 standard
1 0 51 23 3 7.3461013 standard
1 0 52 24 4 3.247128 standard
1 0 184 25 2 11.150376 standard
1 0 56 26 3 2.8391988 standard
1 0 57 27 2 2.9631252 standard
1 0 185 28 3 0.4889207 standard
1 0 378 29 2 2.5464342 standard
2 0 643 1 3 0.2046629 standard
2 0 390 2 3 2.5147429 standard
2 0 391 3 3 1.6399436 standard
2 0 202 4 3 2.4520488 standard
2 0 12 5 1 14.505511 standard
2 0 14 6 4 7.575348 standard
2 0 15 7 2 0.3552161 standard
2 0 658 8 3 3.4678662 standard
2 0 856 9 3 1.6409479 standard
2 0 857 10 3 0.40942156 standard
2 0 858 11 2 0.23488548 standard
2 0 859 12 2 0.2892907 standard
2 0 285 13 3 2.8416715 standard
2 0 864 14 3 0.44617075 standard
2 0 102 15 3 2.3333194 standard
2 0 486 16 -1 3.9117858 standard
2 0 746 17 1 9.70299 standard
2 0 877 18 3 0.37745133 standard
2 0 497 19 3 2.454764 standard
2 0 51 20 3 6.67554 standard
2 0 52 21 4 3.3124962 standard
2 0 948 22 2 2.4748373 standard
2 0 184 23 2 5.1924086 standard
2 0 442 24 4 1.5736101 standard
2 0 380 25 4 1.4692945 standard
3 0 144 1 3 9.348848 standard
3 0 5 2 3 10.474692 standard
3 0 181 3 3 9.313328 standard
3 0 485 4 -1 7.8847 standard
3 0 6 5 3 1.4981117 standard
3 0 119 6 3 4.2229667 standard
3 0 90 7 3 4.886089 standard
3 0 91 8 3 4.839284 standard
3 0 399 9 3 11.922328 standard
4 0 166 1 3 17.091791 standard
4 0 488 2 -1 12.659957 standard
4 0 236 3 3 7.9259553 standard
5 0 1296 1 1 6.1034575 standard
5 0 401 2 3 4.4626923 standard
5 0 1297 3 3 3.3258634 standard
5 0 552 4 1 4.9933167 standard
5 0 488 5 -1 4.5556283 standard
6 0 257 1 3 6.4953504 standard
6 0 258 2 3 2.32389 standard
6 0 99 3 2 3.5820258 standard
6 0 115 4 3 3.4910653 standard
6 0 491 5 -1 7.8293543 standard
7 0 19 1 4 4.2457457 standard
7 0 20 2 2 1.6556492 standard
7 0 56 3 3 18.645975 standard
7 0 57 4 3 18.489805 standard
7 0 58 5 3 11.42044 standard
7 0 492 6 -1 33.242924 standard
8 0 48 1 1 5.8133235 standard
8 0 354 2 1 4.535957 standard
8 0 20 3 3 2.4188292 standard
8 0 196 4 3 4.3848457 standard
8 0 197 5 3 5.83002 standard
8 0 999 6 3 4.0959864 standard
8 0 360 7 1 3.8075075 standard
8 0 1112 8 3 2.7658386 standard
8 0 122 9 1 11.483662 standard
8 0 58 10 3 5.164244 standard
8 0 492 11 -1 8.348334 standard
8 0 1005 12 1 4.6149015 standard
9 0 21 1 2 3.3460598 standard
9 0 22 2 2 2.8632221 standard
9 0 550 3 2 3.061719 standard
9 0 534 4 -1 0.23683019 standard
10 0 259 1 2 3.2910128 standard
10 0 1011 2 3 3.4870307 standard
10 0 436 3 3 2.6270754 standard
10 0 405 4 2 6.133019 standard
10 0 437 5 3 3.1853049 standard
10 0 438 6 3 2.301429 standard
10 0 998 7 3 3.2460253 standard
10 0 493 8 -1 12.894335 standard
10 0 302 9 3 8.841734 standard
11 0 160 1 4 3.5093 standard
11 0 20 2 4 3.2255292 standard
11 0 262 3 3 7.3664384 standard
11 0 263 4 3 3.928056 standard
11 0 27 5 3 5.8124633 standard
11 0 28 6 3 6.4985757 standard
11 0 654 7 4 8.357082 standard
11 0 495 8 -1 14.020331 standard
12 0 624 1 -1 14.966954 standard
12 0 194 2 2 1.7947502 standard
12 0 86 3 2 4.5897775 standard
12 0 649 4 4 7.1619296 standard
12 0 650 5 2 6.8265114 standard
12 0 652 6 2 3.5439472 standard
13 0 64 1 2 0.16155379 standard
13 0 496 2 -1 12.059228 standard
13 0 65 3 4 0.014490971 standard
13 0 311 4 4 0.13323985 standard
13 0 265 5 2 0.17029187 standard
14 0 64 1 1 8.705161 standard
14 0 496 2 -1 0.92317283 standard
14 0 65 3 4 5.3716483 standard
15 0 497 1 -1 0.0033161417 standard
15 0 462 2 3 7.503681 standard
15 0 463 3 1 6.0966153 standard
16 0 498 1 -1 13.950368 standard
16 0 196 2 3 4.7089663 standard
16 0 266 3 2 6.284042 standard
16 0 106 4 3 10.065271 standard
17 0 498 1 -1 8.092416 standard
17 0 196 2 3 5.8382354 standard
17 0 106 3 2 9.531158 standard
18 0 498 1 -1 9.407853 standard
18 0 196 2 2 7.334246 standard
18 0 197 3 2 9.869524 standard
18 0 198 4 2 0.99812806 standard
19 0 32 1 2 0.16506767 standard
19 0 67 2 2 0.021062044 standard
19 0 1379 3 4 5.4413576 standard
19 0 499 4 -1 0.26778856 standard
19 0 164 5 2 4.3541217 standard
19 0 715 6 3 2.0498247 standard
19 0 716 7 3 6.084464 standard
19 0 717 8 3 2.2142427 standard
19 0 639 9 3 0.67390656 standard
19 0 719 10 4 0.020876544 standard
20 0 500 1 -1 19.971384 standard
20 0 87 2 3 8.595894 standard
20 0 407 3 3 5.0152125 standard
20 0 88 4 3 11.997615 standard
20 0 104 5 3 4.7018366 standard
20 0 408 6 3 3.8646042 standard
20 0 267 7 3 5.707477 standard
20 0 268 8 3 12.222603 standard
20 0 269 9 3 5.5200186 standard
20 0 270 10 3 10.504986 standard
21 0 16 1 2 3.3419564 standard
21 0 502 2 -1 13.997222 standard
21 0 413 3 2 5.628569 standard
21 0 414 4 3 1.1012657 standard
21 0 271 5 1 6.3405175 standard
22 0 68 1 1 1.4548402 standard
22 0 502 2 -1 0.6122491 standard
23 0 704 1 2 1.0086887 standard
23 0 705 2 2 0.37699205 standard
23 0 899 3 3 3.717491 standard
23 0 900 4 1 0.84172875 standard
23 0 901 5 2 0.77988774 standard
23 0 902 6 1 7.2222486 standard
23 0 903 7 3 3.9534876 standard
23 0 199 8 4 2.1709793 standard
23 0 200 9 2 0.7855931 standard
23 0 201 10 2 0.09570238 standard
23 0 1289 11 2 4.390945 standard
23 0 1290 12 3 3.006018 standard
23 0 593 13 3 0.84819114 standard
23 0 594 14 4 1.1725757 standard
23 0 597 15 2 1.8131164 standard
23 0 917 16 3 3.5007682 standard
23 0 1109 17 2 4.0007977 standard
23 0 919 18 3 2.8091807 standard
23 0 1112 19 2 2.728183 standard
23 0 601 20 2 0.78556263 standard
23 0 544 21 2 1.0161449 standard
23 0 1256 22 2 0.45842955 standard
23 0 1259 23 2 3.8518496 standard
23 0 749 24 3 1.0690671 standard
23 0 1197 25 2 2.562207 standard
23 0 687 26 2 0.39042488 standard
23 0 1333 27 4 0.41494805 standard
23 0 1141 28 2 0.088654906 standard
23 0 1272 29 2 1.94737 standard
23 0 634 30 2 3.6032095 standard
23 0 698 31 2 4.3901525 standard
23 0 700 32 2 2.6962078 standard
23 0 892 33 -1 6.4790215 standard
24 0 756 1 -1 8.42705 standard
24 0 92 2 3 1.8091707 standard
24 0 46 3 2 7.8816953 standard
24 0 47 4 2 4.79187 standard
25 0 212 1 3 7.4959946 standard
25 0 276 2 3 1.1559399 standard
25 0 213 3 2 5.763004 standard
25 0 277 4 3 8.410688 standard
25 0 214 5 3 7.0717287 standard
25 0 215 6 3 9.8224325 standard
25 0 216 7 3 7.454393 standard
25 0 426 8 3 5.914176 standard
25 0 427 9 3 2.7640424 standard
25 0 511 10 -1 8.170551 standard
26 0 145 1 1 11.426843 standard
26 0 611 2 1 12.278935 standard
26 0 1076 3 2 7.752329 standard
26 0 565 4 2 5.4159513 standard
26 0 406 5 2 5.6456556 standard
26 0 376 6 2 5.898435 standard
26 0 511 7 -1 1.021457 standard
27 0 224 1 2 6.1698575 standard
27 0 512 2 -1 7.2656293 standard
27 0 278 3 3 2.8672237 standard
27 0 428 4 3 9.271292 standard
28 0 224 1 3 0.8711634 standard
28 0 512 2 -1 0.0091596125 standard
28 0 279 3 3 0.00959749 standard
29 0 464 1 4 10.734431 standard
29 0 609 2 2 3.2391818 standard
29 0 225 3 3 6.397068 standard
29 0 465 4 4 13.4643955 standard
29 0 513 5 -1 10.79567 standard
29 0 514 6 2 10.802469 standard
29 0 466 7 4 4.573539 standard
29 0 612 8 2 12.588663 standard
29 0 793 9 3 3.2019541 standard
29 0 250 10 2 8.967311 standard
30 0 464 1 2 4.951348 standard
30 0 225 2 2 3.7052426 standard
30 0 609 3 3 0.6883004 standard
30 0 513 4 -1 6.522658 standard
30 0 514 5 2 3.5594635 standard
30 0 466 6 3 5.164858 standard
30 0 612 7 3 3.1480417 standard
30 0 793 8 4 1.1863396 standard
31 0 776 1 4 0.7577711 standard
31 0 751 2 -1 10.1998005 standard
32 0 752 1 -1 13.158864 standard
32 0 465 2 2 2.6655045 standard
32 0 247 3 4 4.9137397 standard
32 0 249 4 3 1.1444697 standard
32 0 777 5 3 2.3984296 standard
32 0 778 6 3 0.6062366 standard
32 0 250 7 4 5.705343 standard
33 0 516 1 -1 24.226307 standard
33 0 252 2 3 14.49794 standard
33 0 141 3 4 16.183372 standard
33 0 431 4 3 17.070066 standard
34 0 672 1 3 6.632907 standard
34 0 800 2 3 6.0125732 standard
34 0 516 3 -1 9.219217 standard
34 0 714 4 3 4.5440416 standard
34 0 252 5 1 5.7355533 standard
34 0 431 6 3 7.1614375 standard
34 0 799 7 3 8.332718 standard
35 0 132 1 3 3.1287098 standard
35 0 517 2 -1 0.24794838 standard
35 0 166 3 1 3.6017466 standard
35 0 167 4 1 0.50340563 standard
36 0 518 1 -1 5.946495 standard
36 0 168 2 3 5.913788 standard
36 0 169 3 2 1.2401606 standard
37 0 97 1 3 3.6479352 standard
37 0 242 2 3 3.633437 standard
37 0 487 3 3 3.8662436 standard
37 0 519 4 -1 3.92173 standard
37 0 121 5 3 4.381132 standard
37 0 409 6 3 4.923948 standard
37 0 187 7 3 1.5416437 standard
37 0 188 8 2 4.9705777 standard
37 0 172 9 3 0.29165623 standard
37 0 173 10 2 3.9256027 standard
38 0 272 1 3 4.8397384 standard
38 0 24 2 2 2.868193 standard
38 0 552 3 2 3.1971736 standard
38 0 536 4 -1 7.0635047 standard
38 0 553 5 2 3.8976326 standard
38 0 554 6 2 1.0279827 standard
38 0 283 7 2 0.46253368 standard
38 0 555 8 2 1.5832963 standard
38 0 556 9 2 4.853943 standard
38 0 557 10 4 1.7119012 standard
38 0 558 11 4 3.9910452 standard
39 0 418 1 3 4.1718707 standard
39 0 552 2 2 1.672957 standard
39 0 1257 3 3 5.6357064 standard
39 0 554 4 2 0.07900853 standard
39 0 555 5 1 0.5928017 standard
39 0 556 6 2 0.7731202 standard
39 0 557 7 4 0.07900853 standard
39 0 79 8 3 3.3317683 standard
39 0 207 9 3 5.383445 standard
39 0 272 10 1 4.7283163 standard
39 0 24 11 2 3.5772674 standard
39 0 536 12 -1 2.8313818 standard
39 0 505 13 3 3.0992043 standard
39 0 283 14 2 0.09570238 standard
40 0 552 1 2 2.9302351 standard
40 0 553 2 2 0.9596331 standard
40 0 554 3 2 0.07900853 standard
40 0 555 4 2 0.08586395 standard
40 0 556 5 2 2.3948996 standard
40 0 557 6 4 1.4650419 standard
40 0 558 7 4 2.1758742 standard
40 0 272 8 3 3.6599138 standard
40 0 976 9 3 2.8813052 standard
40 0 85 10 3 2.2063823 standard
40 0 24 11 2 2.638046 standard
40 0 536 12 -1 7.0340424 standard
40 0 283 13 2 0.09570238 standard
41 0 288 1 1 8.1707535 standard
41 0 289 2 1 14.841922 standard
41 0 433 3 2 11.7933445 standard
41 0 520 4 -1 8.3996525 standard
42 0 467 1 3 10.081656 standard
42 0 468 2 2 11.724372 standard
42 0 469 3 3 11.627127 standard
42 0 470 4 3 4.8990397 standard
42 0 775 5 4 2.4588292 standard
42 0 521 6 -1 19.722555 standard
43 0 467 1 1 9.625658 standard
43 0 468 2 1 6.553704 standard
43 0 469 3 1 8.488009 standard
43 0 39 4 3 6.781475 standard
43 0 503 5 3 7.5183115 standard
43 0 775 6 3 2.1466763 standard
43 0 521 7 -1 7.0187545 standard
44 0 436 1 3 0.19894376 standard
44 0 437 2 4 0.24394034 standard
44 0 524 3 -1 0.19715881 standard
44 0 302 4 3 0.22267444 standard
45 0 481 1 3 5.498426 standard
45 0 1185 2 3 5.8648047 standard
45 0 1226 3 4 1.4916158 standard
45 0 1355 4 4 3.2298393 standard
45 0 525 5 -1 9.003222 standard
45 0 305 6 2 9.252139 standard
45 0 338 7 3 4.0272303 standard
45 0 308 8 3 3.6156332 standard
45 0 629 9 3 3.0331495 standard
45 0 663 10 3 3.1466012 standard
45 0 570 11 2 4.325514 standard
45 0 572 12 3 4.987991 standard
45 0 798 13 3 1.8247746 standard
46 0 481 1 3 6.107882 standard
46 0 1185 2 4 6.6709805 standard
46 0 1226 3 4 3.0288975 standard
46 0 1355 4 4 4.3662615 standard
46 0 525 5 -1 7.909964 standard
46 0 623 6 3 6.9392123 standard
46 0 305 7 2 9.045351 standard
46 0 338 8 3 4.866262 standard
46 0 84 9 4 7.2852073 standard
46 0 629 10 4 4.6865954 standard
46 0 663 11 4 3.7394254 standard
46 0 344 12 3 6.7995906 standard
46 0 570 13 3 4.4486756 standard
46 0 123 14 4 7.5185776 standard
46 0 572 15 4 6.6303744 standard
46 0 798 16 3 1.788306 standard
47 0 1185 1 3 2.159525 standard
47 0 1355 2 3 5.1858296 standard
47 0 525 3 -1 11.811612 standard
47 0 304 4 2 8.995721 standard
47 0 305 5 3 8.834492 standard
47 0 306 6 2 4.3085628 standard
47 0 307 7 2 9.76231 standard
47 0 308 8 4 6.661553 standard
47 0 629 9 3 4.884054 standard
47 0 309 10 2 5.766569 standard
47 0 310 11 2 9.299344 standard
47 0 663 12 3 7.6990304 standard
47 0 570 13 2 8.517022 standard
47 0 572 14 2 6.2084455 standard
47 0 798 15 3 0.81088954 standard
48 0 439 1 2 5.8848186 standard
48 0 311 2 3 2.0991588 standard
48 0 440 3 3 11.790507 standard
48 0 265 4 4 0.33039016 standard
48 0 314 5 4 0.4460246 standard
48 0 794 6 4 2.9263182 standard
48 0 187 7 4 1.9829279 standard
48 0 315 8 4 4.455653 standard
48 0 316 9 3 2.1229918 standard
48 0 797 10 3 9.423255 standard
48 0 798 11 3 3.753302 standard
48 0 526 12 -1 12.102839 standard
49 0 320 1 3 11.811651 standard
49 0 478 2 4 7.407949 standard
49 0 527 3 -1 14.426467 standard
50 0 528 1 -1 6.039579 standard
50 0 306 2 4 1.6352609 standard
50 0 629 3 2 5.4102626 standard
50 0 21 4 4 1.5965737 standard
50 0 326 5 2 7.1486373 standard
50 0 22 6 4 3.6357164 standard
50 0 94 7 4 2.5643575 standard
51 0 192 1 3 7.368266 standard
51 0 528 2 -1 9.578586 standard
51 0 629 3 2 6.7407327 standard
51 0 261 4 4 9.395425 standard
51 0 326 5 4 10.106162 standard
51 0 23 6 2 7.2654867 standard
51 0 105 7 2 5.4725604 standard
51 0 381 8 2 1.9328988 standard
51 0 94 9 1 7.5313077 standard
51 0 494 10 2 14.575783 standard
51 0 63 11 4 3.6881654 standard
52 0 528 1 -1 5.704141 standard
52 0 306 2 2 8.010716 standard
52 0 21 3 2 7.7068233 standard
52 0 22 4 2 5.592731 standard
52 0 326 5 4 6.0405416 standard
53 0 448 1 4 8.352585 standard
53 0 208 2 4 17.27329 standard
53 0 33 3 3 7.641207 standard
53 0 449 4 4 5.838591 standard
53 0 531 5 -1 11.511453 standard
53 0 296 6 3 9.470963 standard
53 0 297 7 4 7.463088 standard
53 0 298 8 4 9.532565 standard
53 0 299 9 4 4.6060514 standard
53 0 446 10 4 4.1637278 standard
53 0 447 11 4 9.010124 standard
54 0 560 1 3 7.6564884 standard
54 0 84 2 2 13.458682 standard
54 0 628 3 4 6.3805785 standard
54 0 101 4 3 7.5976706 standard
54 0 661 5 4 6.2373013 standard
54 0 294 6 3 8.058495 standard
54 0 24 7 3 6.0020247 standard
54 0 123 8 -1 17.236332 standard
54 0 364 9 3 10.121663 standard
54 0 365 10 3 10.848269 standard
55 0 16 1 2 8.4759655 standard
55 0 562 2 2 8.975694 standard
55 0 502 3 3 2.14089 standard
55 0 375 4 2 5.1056595 standard
55 0 376 5 4 9.186689 standard
55 0 377 6 4 10.490283 standard
55 0 378 7 3 4.833453 standard
55 0 538 8 -1 4.8374443 standard
55 0 460 9 2 12.002873 standard
55 0 255 10 3 6.709905 standard
55 0 271 11 3 2.0196776 standard
56 0 705 1 4 2.21166 standard
56 0 753 2 -1 16.835222 standard
56 0 643 3 4 4.106977 standard
56 0 1339 4 3 8.389136 standard
56 0 779 5 4 0.18792391 standard
56 0 379 6 4 6.719151 standard
56 0 380 7 2 4.7003136 standard
56 0 780 8 4 3.8338525 standard
56 0 749 9 3 5.615836 standard
56 0 14 10 4 10.211031 standard
56 0 686 11 4 6.1096377 standard
57 0 704 1 4 5.302065 standard
57 0 705 2 4 3.3660722 standard
57 0 746 3 3 2.271851 standard
57 0 779 4 4 0.8448325 standard
57 0 780 5 4 1.8528 standard
57 0 12 6 4 0.28107643 standard
57 0 14 7 4 4.5403666 standard
57 0 15 8 4 2.9344866 standard
57 0 593 9 3 3.8779278 standard
57 0 753 10 -1 10.683022 standard
57 0 914 11 3 3.233412 standard
57 0 857 12 4 4.416863 standard
57 0 379 13 4 5.155856 standard
57 0 859 14 4 3.078454 standard
57 0 380 15 2 7.12636 standard
58 0 784 1 4 5.7649055 standard
58 0 785 2 3 9.966956 standard
58 0 786 3 3 5.8039627 standard
58 0 754 4 -1 15.4157095 standard
58 0 787 5 3 5.491992 standard
58 0 788 6 2 11.206706 standard
58 0 789 7 4 8.585238 standard
58 0 23 8 4 5.9713616 standard
58 0 381 9 4 3.189148 standard
58 0 382 10 4 2.489169 standard
59 0 785 1 3 6.0585027 standard
59 0 786 2 3 6.1158032 standard
59 0 754 3 -1 5.281366 standard
59 0 787 4 3 0.16752638 standard
59 0 788 5 2 4.405992 standard
60 0 320 1 4 14.133212 standard
60 0 322 2 -1 16.30103 standard
60 0 475 3 2 2.9370391 standard
60 0 476 4 3 8.86916 standard
60 0 478 5 4 7.625601 standard
60 0 527 6 3 16.939262 standard
61 0 564 1 3 9.262874 standard
61 0 565 2 2 6.5684624 standard
61 0 661 3 4 3.0179179 standard
61 0 566 4 2 9.699147 standard
61 0 1159 5 3 2.71334 standard
61 0 539 6 -1 10.450241 standard
62 0 566 1 1 5.5306964 standard
62 0 1078 2 3 4.3935475 standard
62 0 567 3 2 5.202679 standard
62 0 1081 4 3 9.15619 standard
62 0 539 5 -1 4.533291 standard
62 0 1084 6 2 0.6624389 standard
63 0 564 1 3 1.0054743 standard
63 0 566 2 3 2.1193838 standard
63 0 567 3 1 1.6166006 standard
63 0 539 4 -1 0.2509282 standard
64 0 627 1 -1 4.5736547 standard
64 0 390 2 1 7.526974 standard
64 0 391 3 2 4.8572235 standard
65 0 128 1 2 2.956078 standard
65 0 384 2 3 0.0056080623 standard
65 0 2 3 2 7.4657393 standard
65 0 418 4 4 2.8832314 standard
65 0 3 5 2 10.510403 standard
65 0 323 6 3 1.2092615 standard
65 0 324 7 3 4.285932 standard
65 0 4 8 3 7.644125 standard
65 0 388 9 -1 10.810348 standard
65 0 393 10 3 8.1668 standard
65 0 394 11 3 2.2970395 standard
65 0 659 12 3 4.111463 standard
65 0 180 13 3 8.065406 standard
65 0 629 14 2 6.4331517 standard
65 0 1302 15 3 4.648844 standard
65 0 664 16 2 8.385946 standard
66 0 659 1 3 6.416246 standard
66 0 180 2 3 4.7305017 standard
66 0 660 3 3 5.125643 standard
66 0 388 4 -1 5.3151703 standard
66 0 629 5 2 8.976599 standard
66 0 664 6 2 6.866311 standard
67 0 128 1 1 6.1067953 standard
67 0 2 2 1 8.979235 standard
67 0 3 3 1 8.155736 standard
67 0 323 4 3 1.3229342 standard
67 0 324 5 3 5.5201077 standard
67 0 4 6 3 7.8113966 standard
67 0 388 7 -1 7.6757417 standard
67 0 389 8 3 6.7790394 standard
67 0 393 9 3 8.594373 standard
67 0 394 10 3 2.2967374 standard
67 0 659 11 3 5.805756 standard
67 0 180 12 1 8.227965 standard
67 0 629 13 2 6.6107626 standard
67 0 1302 14 3 5.2205462 standard
67 0 664 15 2 7.9707575 standard
68 0 628 1 -1 15.778408 standard
68 0 101 2 3 2.9187083 standard
68 0 661 3 3 5.813029 standard
68 0 662 4 2 7.5730104 standard
68 0 460 5 3 0.85996765 standard
68 0 62 6 3 3.3701334 standard
69 0 336 1 4 2.2451732 standard
69 0 977 2 3 4.249199 standard
69 0 458 3 2 5.1043606 standard
69 0 570 4 2 4.6427073 standard
69 0 540 5 -1 6.86052 standard
69 0 62 6 3 4.5777874 standard
70 0 977 1 3 4.0924287 standard
70 0 307 2 3 3.763974 standard
70 0 101 3 3 1.280734 standard
70 0 565 4 3 4.304377 standard
70 0 568 5 2 1.5658718 standard
70 0 24 6 4 3.2069352 standard
70 0 570 7 2 4.6427073 standard
70 0 283 8 3 2.1190555 standard
70 0 540 9 -1 7.941913 standard
70 0 333 10 1 3.17225 standard
70 0 62 11 2 5.6134434 standard
71 0 101 1 3 2.0555396 standard
71 0 569 2 1 4.335888 standard
71 0 571 3 1 2.209843 standard
71 0 1355 4 2 0.2949081 standard
71 0 572 5 1 5.716178 standard
71 0 540 6 -1 6.603373 standard
71 0 1213 7 3 2.5319886 standard
71 0 798 8 4 2.5388987 standard
71 0 655 9 3 2.5415878 standard
72 0 128 1 4 3.6649218 standard
72 0 323 2 4 3.343033 standard
72 0 324 3 2 2.1670618 standard
72 0 388 4 4 1.1946528 standard
72 0 494 5 3 2.928915 standard
72 0 655 6 4 0.4904517 standard
72 0 304 7 3 2.980266 standard
72 0 305 8 4 2.336193 standard
72 0 21 9 2 0.7328962 standard
72 0 309 10 4 4.4147377 standard
72 0 629 11 -1 1.0075315 standard
72 0 630 12 2 8.172905 standard
72 0 663 13 4 6.7515826 standard
72 0 664 14 3 0.8742317 standard
72 0 570 15 3 3.469957 standard
72 0 571 16 4 4.721765 standard
72 0 94 17 3 3.5527725 standard
72 0 62 18 4 3.325268 standard
73 0 160 1 3 8.2394085 standard
73 0 577 2 4 11.269679 standard
73 0 578 3 2 1.7424718 standard
73 0 68 4 3 1.7271836 standard
73 0 1252 5 3 5.9913683 standard
73 0 421 6 3 5.4184923 standard
73 0 1355 7 4 1.5318328 standard
73 0 332 8 2 20.254364 standard
73 0 1198 9 4 3.6853075 standard
73 0 655 10 4 4.059217 standard
73 0 401 11 2 10.1937065 standard
73 0 625 12 2 11.523279 standard
73 0 1304 13 3 4.417116 standard
73 0 25 14 4 6.416469 standard
73 0 571 15 3 0.9681376 standard
73 0 572 16 2 7.318735 standard
73 0 573 17 3 9.660007 standard
73 0 317 18 4 3.2746272 standard
73 0 1213 19 3 5.080921 standard
73 0 541 20 -1 17.60967 standard
73 0 574 21 3 8.488334 standard
74 0 576 1 2 9.081872 standard
74 0 656 2 2 4.613285 standard
74 0 578 3 4 1.8491044 standard
74 0 317 4 4 5.1393924 standard
74 0 541 5 -1 5.2712307 standard
74 0 574 6 4 5.7955737 standard
74 0 575 7 3 4.8020725 standard
75 0 324 1 3 8.771761 standard
75 0 630 2 -1 8.818486 standard
75 0 378 3 3 4.2571855 standard
75 0 666 4 3 4.3314047 standard
75 0 667 5 2 6.133027 standard
75 0 670 6 3 5.4701657 standard
76 0 324 1 3 1.1363242 standard
76 0 630 2 -1 11.02167 standard
76 0 329 3 3 7.0690765 standard
76 0 378 4 2 1.0726287 standard
76 0 666 5 3 10.407814 standard
76 0 667 6 2 10.858271 standard
76 0 670 7 3 6.0734468 standard
76 0 1391 8 3 7.773482 standard
77 0 630 1 -1 11.188072 standard
77 0 329 2 4 14.420388 standard
77 0 666 3 3 6.044937 standard
77 0 667 4 3 11.006532 standard
77 0 668 5 2 8.5095625 standard
77 0 670 6 3 5.722451 standard
77 0 1391 7 4 9.059416 standard
78 0 588 1 2 10.553764 standard
78 0 589 2 3 13.373386 standard
78 0 590 3 3 9.2414 standard
78 0 543 4 -1 11.858631 standard
79 0 688 1 4 5.345769 standard
79 0 544 2 -1 11.305796 standard
79 0 708 3 4 6.0597196 standard
79 0 597 4 3 9.954721 standard
79 0 598 5 3 2.1251507 standard
79 0 713 6 4 3.0996864 standard
80 0 544 1 -1 10.82037 standard
80 0 594 2 1 3.1044989 standard
80 0 596 3 3 1.208713 standard
80 0 597 4 1 3.155632 standard
80 0 598 5 3 1.7434676 standard
81 0 672 1 1 9.290529 standard
81 0 631 2 -1 10.6015415 standard
81 0 799 3 4 9.231569 standard
82 0 676 1 2 10.234619 standard
82 0 677 2 2 13.804512 standard
82 0 678 3 3 10.734689 standard
82 0 679 4 3 6.7708426 standard
82 0 632 5 -1 8.234521 standard
82 0 205 6 3 4.4234877 standard
83 0 680 1 2 5.5196652 standard
83 0 681 2 2 1.0580702 standard
83 0 633 3 -1 5.679896 standard
83 0 682 4 2 2.9947457 standard
83 0 683 5 2 3.1257432 standard
84 0 608 1 3 3.3047361 standard
84 0 354 2 4 4.401457 standard
84 0 962 3 3 5.5273724 standard
84 0 546 4 -1 7.405505 standard
84 0 406 5 2 6.094031 standard
84 0 294 6 3 10.140621 standard
84 0 1192 7 3 6.2317266 standard
84 0 873 8 4 7.637232 standard
84 0 522 9 4 9.055315 standard
84 0 1213 10 3 6.0586143 standard
84 0 606 11 2 5.8238225 standard
84 0 142 12 3 10.019859 standard
85 0 608 1 1 5.245998 standard
85 0 546 2 -1 4.444021 standard
85 0 406 3 2 3.4756525 standard
85 0 710 4 3 7.5322537 standard
85 0 606 5 3 1.4432487 standard
86 0 594 1 3 11.110865 standard
86 0 755 2 -1 21.196793 standard
86 0 790 3 3 14.885162 standard
87 0 609 1 4 1.5376294 standard
87 0 562 2 3 3.957103 standard
87 0 50 3 4 3.1103394 standard
87 0 611 4 2 1.8281729 standard
87 0 547 5 -1 9.316178 standard
87 0 612 6 4 3.5517118 standard
87 0 406 7 4 2.9502478 standard
87 0 236 8 4 2.8380055 standard
87 0 606 9 2 1.8322333 standard
88 0 548 1 -1 20.60173 standard
88 0 613 2 2 17.651085 standard
88 0 614 3 2 12.886204 standard
88 0 615 4 2 11.113895 standard
88 0 616 5 3 15.184128 standard
88 0 617 6 3 17.568735 standard
88 0 618 7 4 10.162616 standard
89 0 420 1 4 8.95714 standard
89 0 757 2 -1 13.432372 standard
89 0 793 3 2 12.4575 standard
89 0 794 4 2 8.97005 standard
89 0 795 5 4 5.570011 standard
89 0 796 6 4 9.836758 standard
89 0 797 7 3 11.78462 standard
90 0 800 1 4 1.499311 standard
90 0 256 2 2 3.8308594 standard
90 0 291 3 3 5.47486 standard
90 0 1187 4 4 8.397389 standard
90 0 335 5 3 3.5691514 standard
90 0 1364 6 3 4.7958264 standard
90 0 757 7 -1 4.401196 standard
90 0 311 8 3 6.015661 standard
90 0 1367 9 4 3.5414 standard
90 0 793 10 3 4.593546 standard
90 0 794 11 2 4.1033015 standard
90 0 796 12 3 1.6342298 standard
90 0 797 13 2 4.28423 standard
90 0 798 14 2 5.58471 standard
91 0 800 1 3 6.034927 standard
91 0 672 2 4 5.396884 standard
91 0 801 3 2 4.079974 standard
91 0 1154 4 3 4.716111 standard
91 0 757 5 -1 2.2147229 standard
91 0 793 6 4 0.64851195 standard
91 0 794 7 4 1.1520661 standard
91 0 252 8 2 7.819097 standard
91 0 797 9 3 4.291565 standard
91 0 799 10 3 7.39948 standard
92 0 802 1 2 1.6476505 standard
92 0 803 2 2 1.0398356 standard
92 0 804 3 4 10.5587845 standard
92 0 805 4 4 5.772619 standard
92 0 806 5 4 11.255459 standard
92 0 807 6 4 12.768312 standard
92 0 808 7 3 8.01689 standard
92 0 809 8 3 10.347866 standard
92 0 810 9 4 11.109 standard
92 0 811 10 3 10.187037 standard
92 0 758 11 -1 14.669254 standard
92 0 1243 12 4 7.289439 standard
92 0 253 13 3 4.3960505 standard
92 0 1247 14 3 11.607962 standard
93 0 691 1 3 12.932239 standard
93 0 635 2 -1 18.836529 standard
94 0 354 1 4 6.0911784 standard
94 0 101 2 4 9.447342 standard
94 0 294 3 3 7.0601053 standard
94 0 1161 4 4 10.121887 standard
94 0 559 5 3 9.096786 standard
94 0 1104 6 4 9.593465 standard
94 0 689 7 4 7.074633 standard
94 0 1393 8 3 12.044874 standard
94 0 690 9 4 3.2085633 standard
94 0 1395 10 4 6.6140695 standard
94 0 24 11 1 7.3048177 standard
94 0 283 12 3 11.057887 standard
94 0 635 13 -1 6.164184 standard
95 0 662 1 4 8.146489 standard
95 0 283 2 1 6.736241 standard
95 0 635 3 -1 8.496061 standard
96 0 704 1 3 7.2250094 standard
96 0 705 2 3 8.6852455 standard
96 0 706 3 4 2.086356 standard
96 0 1289 4 3 7.1590834 standard
96 0 779 5 3 8.012963 standard
96 0 792 6 4 3.338367 standard
96 0 698 7 4 8.856644 standard
96 0 699 8 4 9.6725855 standard
96 0 1339 9 4 9.774686 standard
96 0 700 10 4 6.816135 standard
96 0 701 11 4 5.5491834 standard
96 0 637 12 -1 11.928667 standard
96 0 702 13 4 3.4356413 standard
96 0 703 14 3 0.25325096 standard
97 0 1289 1 4 5.8567986 standard
97 0 681 2 3 1.7408353 standard
97 0 698 3 4 0.36649197 standard
97 0 699 4 3 1.0299478 standard
97 0 779 5 3 7.528616 standard
97 0 1339 6 4 3.1430266 standard
97 0 700 7 3 0.4683219 standard
97 0 701 8 3 3.7178895 standard
97 0 637 9 -1 2.3653576 standard
97 0 702 10 3 1.5285561 standard
97 0 703 11 3 0.34698665 standard
98 0 708 1 4 2.157093 standard
98 0 709 2 4 3.0442622 standard
98 0 711 3 4 3.9560223 standard
98 0 712 4 4 7.728871 standard
98 0 713 5 2 0.4557029 standard
98 0 638 6 -1 15.18514 standard
99 0 1379 1 3 5.9337077 standard
99 0 1001 2 3 0.14382349 standard
99 0 717 3 2 9.871098 standard
99 0 719 4 2 8.981449 standard
99 0 639 5 -1 12.114293 standard
100 0 1121 1 3 3.8238208 standard
100 0 1122 2 2 16.378872 standard
100 0 820 3 3 3.6079538 standard
100 0 821 4 2 1.7345445 standard
100 0 822 5 2 15.931246 standard
100 0 823 6 3 7.30117 standard
100 0 824 7 2 5.3778048 standard
100 0 760 8 -1 15.859307 standard
100 0 825 9 3 7.032321 standard
100 0 1051 10 3 14.292467 standard
101 0 817 1 2 14.099965 standard
101 0 818 2 2 10.350876 standard
101 0 819 3 2 15.747735 standard
101 0 820 4 3 12.735297 standard
101 0 824 5 2 6.355233 standard
101 0 760 6 -1 11.988441 standard
101 0 825 7 3 11.185813 standard
102 0 913 1 2 4.42005 standard
102 0 728 2 1 3.159484 standard
102 0 729 3 -1 5.662966 standard
102 0 910 4 3 6.8682113 standard
102 0 911 5 4 0.0035115082 standard
103 0 761 1 -1 9.155865 standard
103 0 826 2 3 4.22577 standard
103 0 828 3 3 0.33775815 standard
104 0 833 1 3 5.0207906 standard
104 0 834 2 3 2.23724 standard
104 0 835 3 3 6.685931 standard
104 0 836 4 3 5.2291026 standard
104 0 837 5 3 8.16887 standard
104 0 762 6 -1 13.856221 standard
105 0 848 1 3 19.811571 standard
105 0 844 2 4 4.2523794 standard
105 0 764 3 -1 18.841337 standard
105 0 845 4 4 3.2407904 standard
105 0 846 5 4 6.083197 standard
105 0 847 6 4 10.94302 standard
106 0 849 1 3 0 standard
106 0 844 2 4 3.6753926 standard
106 0 764 3 -1 4.7161813 standard
106 0 845 4 4 2.2055173 standard
106 0 846 5 3 3.668259 standard
106 0 847 6 2 3.6785865 standard
107 0 720 1 4 4.5328875 standard
107 0 640 2 -1 15.065043 standard
107 0 725 3 2 11.742158 standard
107 0 728 4 2 3.3878338 standard
107 0 729 5 3 7.0725727 standard
107 0 75 6 4 2.5971065 standard
107 0 909 7 4 10.154229 standard
107 0 911 8 3 8.48111 standard
108 0 720 1 4 9.616031 standard
108 0 640 2 -1 5.9350295 standard
108 0 723 3 4 5.878564 standard
108 0 724 4 2 8.706047 standard
108 0 726 5 2 7.410423 standard
108 0 727 6 2 7.8620377 standard
108 0 75 7 3 11.875662 standard
108 0 909 8 3 6.1322756 standard
109 0 980 1 3 0.06304164 standard
109 0 860 2 1 3.012906 standard
109 0 12 3 3 0.08103979 standard
109 0 861 4 1 1.5413975 standard
109 0 606 5 3 3.8769026 standard
109 0 766 6 -1 3.0398583 standard
110 0 1174 1 4 4.3192196 standard
110 0 862 2 1 2.590697 standard
110 0 766 3 -1 4.7338495 standard
110 0 863 4 1 2.8386886 standard
110 0 31 5 3 4.2923 standard
111 0 864 1 2 4.999892 standard
111 0 914 2 3 3.9927094 standard
111 0 658 3 3 8.496573 standard
111 0 627 4 3 8.48982 standard
111 0 391 5 2 6.1178164 standard
111 0 392 6 3 6.12281 standard
111 0 894 7 -1 13.506377 standard
111 0 15 8 2 6.6196346 standard
112 0 641 1 -1 22.021141 standard
112 0 730 2 4 15.615326 standard
112 0 731 3 3 8.389832 standard
113 0 643 1 -1 2.7122033 standard
113 0 265 2 3 7.185021 standard
113 0 746 3 3 5.0759354 standard
113 0 748 4 3 8.963459 standard
113 0 749 5 3 2.5320616 standard
114 0 916 1 2 12.052588 standard
114 0 919 2 1 10.927373 standard
114 0 920 3 3 3.095014 standard
114 0 921 4 3 7.7709084 standard
114 0 895 5 -1 20.752157 standard
115 0 51 1 2 4.5811224 standard
115 0 184 2 -1 7.4712024 standard
115 0 185 3 2 5.0369935 standard
115 0 874 4 4 1.5396081 standard
115 0 878 5 3 5.8762064 standard
116 0 896 1 -1 1.8340108 standard
116 0 360 2 3 3.2384171 standard
116 0 922 3 1 2.3272624 standard
116 0 492 4 4 2.054555 standard
116 0 605 5 3 9.714097 standard
116 0 927 6 3 4.3517866 standard
117 0 896 1 -1 2.0619204 standard
117 0 360 2 2 4.8100753 standard
117 0 605 3 3 4.858472 standard
118 0 896 1 -1 1.5525315 standard
118 0 923 2 2 10.492144 standard
118 0 924 3 3 10.969988 standard
118 0 925 4 3 4.69144 standard
119 0 897 1 -1 10.601782 standard
119 0 926 2 4 12.926762 standard
120 0 769 1 -1 20.817823 standard
120 0 885 2 3 10.817873 standard
120 0 886 3 3 12.0041485 standard
120 0 887 4 2 16.388006 standard
120 0 888 5 3 9.2017 standard
120 0 889 6 4 9.000025 standard
120 0 890 7 2 14.397645 standard
120 0 1146 8 2 10.818455 standard
120 0 891 9 3 9.666373 standard
120 0 829 10 2 2.4941194 standard
121 0 769 1 -1 12.568934 standard
121 0 885 2 1 6.7235374 standard
121 0 886 3 1 6.5793347 standard
121 0 887 4 1 10.979209 standard
121 0 888 5 1 10.615482 standard
121 0 1146 6 2 10.802799 standard
121 0 890 7 1 10.60272 standard
121 0 891 8 1 7.169852 standard
122 0 898 1 -1 9.590098 standard
122 0 931 2 4 6.805601 standard
122 0 932 3 2 1.5663245 standard
122 0 934 4 4 7.7443094 standard
122 0 935 5 4 5.6579103 standard
122 0 936 6 2 4.626126 standard
122 0 937 7 2 4.797785 standard
122 0 938 8 2 6.198994 standard
122 0 1131 9 3 4.443322 standard
122 0 957 10 3 6.3881536 standard
123 0 966 1 2 4.5419636 standard
123 0 967 2 3 4.283143 standard
123 0 941 3 -1 5.043868 standard
124 0 964 1 3 3.476083 standard
124 0 965 2 3 0.73352057 standard
124 0 967 3 2 5.918108 standard
124 0 968 4 2 1.5367284 standard
124 0 941 5 -1 16.569536 standard
125 0 992 1 3 3.6724715 standard
125 0 994 2 3 3.6915643 standard
125 0 995 3 3 0 standard
125 0 997 4 2 6.3825583 standard
125 0 969 5 2 3.0083458 standard
125 0 970 6 2 5.107535 standard
125 0 971 7 2 4.0335927 standard
125 0 972 8 2 2.4840527 standard
125 0 973 9 3 3.4520469 standard
125 0 173 10 3 4.670713 standard
125 0 974 11 4 0.7692493 standard
125 0 174 12 2 3.9462397 standard
125 0 942 13 -1 0.61355895 standard
125 0 176 14 3 4.794063 standard
125 0 177 15 4 3.4046893 standard
125 0 946 16 3 2.9540963 standard
125 0 409 17 3 4.4764786 standard
125 0 187 18 3 2.3647125 standard
126 0 969 1 3 2.6742754 standard
126 0 970 2 3 1.9554086 standard
126 0 187 3 3 0.1844416 standard
126 0 971 4 3 0.23189497 standard
126 0 972 5 3 0.20886481 standard
126 0 973 6 3 0.3359624 standard
126 0 974 7 2 11.852262 standard
126 0 1326 8 2 12.122267 standard
126 0 942 9 -1 3.0342488 standard
127 0 944 1 -1 6.8226986 standard
127 0 164 2 2 6.631514 standard
127 0 101 3 2 5.7533116 standard
127 0 981 4 3 9.065947 standard
127 0 982 5 4 3.9176905 standard
127 0 983 6 4 3.8573246 standard
128 0 945 1 -1 16.86109 standard
128 0 985 2 3 3.7682774 standard
128 0 990 3 3 2.1662133 standard
129 0 945 1 -1 14.276002 standard
129 0 984 2 3 4.116698 standard
129 0 985 3 2 8.4515705 standard
129 0 986 4 4 4.4875703 standard
129 0 987 5 2 9.270897 standard
129 0 988 6 3 10.847715 standard
129 0 989 7 3 10.612334 standard
129 0 990 8 3 4.69767 standard
130 0 1008 1 3 10.155127 standard
130 0 948 2 -1 16.851784 standard
130 0 858 3 3 8.102754 standard
130 0 859 4 3 18.345695 standard
130 0 12 5 3 0.33751333 standard
130 0 766 6 2 9.918305 standard
131 0 1012 1 4 8.075781 standard
131 0 1013 2 3 6.1793647 standard
131 0 1014 3 2 9.690867 standard
131 0 950 4 -1 18.854906 standard
131 0 1016 5 3 5.2154603 standard
131 0 1017 6 3 8.879014 standard
131 0 1018 7 3 6.621033 standard
131 0 1019 8 3 9.756236 standard
131 0 1020 9 2 6.449306 standard
132 0 1024 1 4 4.6371284 standard
132 0 1025 2 3 4.4552794 standard
132 0 1026 3 3 5.3420587 standard
132 0 1012 4 4 4.892306 standard
132 0 1013 5 3 5.3816643 standard
132 0 1014 6 1 5.0682015 standard
132 0 950 7 -1 6.2615967 standard
132 0 1015 8 3 5.1039166 standard
132 0 951 9 3 4.932508 standard
132 0 1016 10 3 4.517542 standard
132 0 952 11 4 3.9395196 standard
132 0 1017 12 3 5.9163623 standard
132 0 1018 13 4 4.646794 standard
132 0 1019 14 4 3.869073 standard
132 0 1020 15 4 5.173923 standard
132 0 1023 16 3 5.205932 standard
133 0 1024 1 3 4.6371284 standard
133 0 1012 2 4 4.892306 standard
133 0 950 3 -1 6.031146 standard
133 0 1016 4 4 5.3748116 standard
133 0 1018 5 2 4.646794 standard
133 0 1019 6 2 4.855295 standard
133 0 1020 7 1 5.173923 standard
133 0 1022 8 4 4.7841187 standard
134 0 1027 1 2 5.940498 standard
134 0 1028 2 3 7.85823 standard
134 0 951 3 -1 9.653959 standard
135 0 1024 1 4 7.989133 standard
135 0 1025 2 4 7.539704 standard
135 0 1026 3 4 8.924035 standard
135 0 950 4 4 9.246466 standard
135 0 951 5 -1 8.656429 standard
135 0 1016 6 4 8.437173 standard
135 0 1017 7 4 8.135445 standard
135 0 1018 8 1 8.095611 standard
135 0 1023 9 4 8.33922 standard
136 0 951 1 -1 9.23592 standard
136 0 1034 2 4 7.3059726 standard
136 0 1021 3 1 9.356774 standard
136 0 1022 4 4 4.7957754 standard
137 0 1029 1 2 7.1158204 standard
137 0 951 2 3 9.234156 standard
137 0 952 3 -1 34.40806 standard
137 0 1034 4 3 18.144238 standard
137 0 1021 5 3 15.3296585 standard
138 0 953 1 -1 8.10286 standard
138 0 1036 2 1 3.259236 standard
138 0 846 3 1 9.389441 standard
139 0 1031 1 2 1.8420123 standard
139 0 1032 2 2 1.960404 standard
139 0 953 3 -1 8.1769495 standard
139 0 1035 4 2 2.8630638 standard
139 0 1037 5 4 2.482253 standard
140 0 1041 1 2 3.8145595 standard
140 0 1042 2 2 2.5984821 standard
140 0 1043 3 4 1.683829 standard
140 0 1044 4 4 0.2881578 standard
140 0 954 5 -1 13.243496 standard
140 0 1038 6 1 8.380653 standard
140 0 1039 7 1 2.3914633 standard
141 0 1041 1 1 4.85686 standard
141 0 1042 2 3 2.1417885 standard
141 0 1043 3 2 7.134086 standard
141 0 1044 4 2 4.13894 standard
141 0 954 5 -1 4.7549787 standard
141 0 1038 6 1 7.621178 standard
141 0 1039 7 3 3.6990573 standard
142 0 1042 1 1 0.91717136 standard
142 0 954 2 -1 8.816506 standard
143 0 1043 1 1 8.335569 standard
143 0 1044 2 1 5.0588026 standard
143 0 954 3 -1 7.844835 standard
144 0 1045 1 2 14.36699 standard
144 0 838 2 3 13.094657 standard
144 0 839 3 3 15.39317 standard
144 0 840 4 2 12.354816 standard
144 0 841 5 3 6.2262006 standard
144 0 763 6 3 14.498741 standard
144 0 955 7 -1 16.390875 standard
145 0 852 1 4 3.3241854 standard
145 0 1045 2 3 11.822639 standard
145 0 838 3 2 10.651666 standard
145 0 839 4 2 12.382781 standard
145 0 743 5 3 3.981855 standard
145 0 841 6 2 2.8681078 standard
145 0 763 7 2 9.928898 standard
145 0 955 8 -1 8.858654 standard
146 0 1045 1 3 16.136793 standard
146 0 840 2 1 10.2329235 standard
146 0 955 3 -1 16.209805 standard
147 0 1046 1 3 3.230765 standard
147 0 822 2 4 2.9606075 standard
147 0 1047 3 4 3.5183947 standard
147 0 1048 4 3 3.8494406 standard
147 0 889 5 3 7.5972605 standard
147 0 1049 6 4 11.47435 standard
147 0 1050 7 3 19.071224 standard
147 0 1051 8 4 4.2547703 standard
147 0 843 9 3 8.220541 standard
147 0 956 10 -1 21.752993 standard
147 0 926 11 4 0.16988726 standard
148 0 1046 1 3 3.645681 standard
148 0 1048 2 2 10.623215 standard
148 0 889 3 2 3.805392 standard
148 0 1049 4 3 4.1013494 standard
148 0 1050 5 2 8.512545 standard
148 0 843 6 3 3.577019 standard
148 0 956 7 -1 11.242698 standard
149 0 1057 1 3 2.491256 standard
149 0 1058 2 3 5.4276257 standard
149 0 930 3 3 8.786909 standard
149 0 1059 4 3 5.660325 standard
149 0 931 5 3 6.6415052 standard
149 0 934 6 3 4.956302 standard
149 0 936 7 3 4.461913 standard
149 0 937 8 3 5.721002 standard
149 0 938 9 3 4.13061 standard
149 0 1131 10 3 5.4287777 standard
149 0 1052 11 4 3.3049822 standard
149 0 957 12 -1 4.2192464 standard
150 0 1074 1 3 12.44695 standard
150 0 1075 2 3 12.41569 standard
150 0 1062 3 -1 13.216654 standard
151 0 1074 1 3 4.075961 standard
151 0 1075 2 4 4.034232 standard
151 0 1076 3 2 2.5438375 standard
151 0 1077 4 4 1.5656 standard
151 0 1062 5 -1 4.082614 standard
151 0 687 6 2 2.2441964 standard
152 0 1076 1 1 5.955737 standard
152 0 1077 2 3 0.37941486 standard
152 0 1062 3 -1 5.3797154 standard
152 0 569 4 3 4.1539826 standard
152 0 572 5 3 2.8920293 standard
152 0 687 6 4 1.6550868 standard
152 0 655 7 3 4.0382457 standard
153 0 1078 1 3 4.6847982 standard
153 0 1063 2 -1 12.671468 standard
153 0 1080 3 4 0.0058643273 standard
153 0 1081 4 4 7.787299 standard
153 0 1082 5 4 7.902927 standard
153 0 1083 6 3 0.0057563772 standard
153 0 1084 7 3 1.6291069 standard
153 0 1085 8 3 7.8945537 standard
154 0 1088 1 3 15.7563925 standard
154 0 1063 2 -1 6.595852 standard
154 0 1087 3 2 6.1532693 standard
155 0 1104 1 3 1.0887939 standard
155 0 983 2 3 0.30374336 standard
155 0 1065 3 -1 5.4120092 standard
155 0 1099 4 4 3.9934108 standard
155 0 1100 5 2 3.9066942 standard
155 0 1101 6 3 7.2918262 standard
155 0 1103 7 1 0.30823076 standard
156 0 1096 1 3 9.794729 standard
156 0 1097 2 2 8.960327 standard
156 0 553 3 2 9.022883 standard
156 0 1065 4 -1 8.550442 standard
156 0 1098 5 3 7.7479935 standard
156 0 1099 6 3 6.5663414 standard
156 0 1100 7 2 6.2406645 standard
156 0 1101 8 3 3.8090951 standard
156 0 1102 9 1 0.14469892 standard
156 0 1103 10 4 2.4540052 standard
156 0 1104 11 1 1.8592178 standard
156 0 274 12 2 4.168912 standard
156 0 82 13 3 5.238408 standard
156 0 982 14 4 1.607584 standard
156 0 983 15 1 0.4685488 standard
157 0 456 1 2 12.61635 standard
157 0 1355 2 4 2.6953793 standard
157 0 655 3 3 3.4207423 standard
157 0 273 4 2 6.1141443 standard
157 0 1105 5 2 7.3643336 standard
157 0 657 6 3 7.9621363 standard
157 0 1106 7 2 4.646233 standard
157 0 1107 8 2 3.808767 standard
157 0 19 9 3 4.7622676 standard
157 0 215 10 3 0.39852712 standard
157 0 1304 11 3 3.2332435 standard
157 0 25 12 2 10.083506 standard
157 0 666 13 4 5.6732078 standard
157 0 410 14 2 5.004806 standard
157 0 1307 15 3 1.9736004 standard
157 0 93 16 3 5.3793406 standard
157 0 605 17 3 3.6591604 standard
157 0 160 18 3 11.720993 standard
157 0 161 19 3 8.547953 standard
157 0 354 20 3 5.802344 standard
157 0 482 21 3 5.629134 standard
157 0 35 22 3 5.187931 standard
157 0 36 23 3 6.481227 standard
157 0 421 24 3 5.8887587 standard
157 0 423 25 3 8.129762 standard
157 0 556 26 2 11.884554 standard
157 0 44 27 3 7.3936505 standard
157 0 557 28 3 7.998111 standard
157 0 302 29 3 2.2109122 standard
157 0 1006 30 -1 15.015694 standard
157 0 369 31 3 9.960747 standard
157 0 689 32 3 6.7726264 standard
157 0 626 33 2 10.098897 standard
157 0 370 34 3 8.247699 standard
157 0 1011 35 3 4.7781844 standard
157 0 372 36 2 8.305128 standard
157 0 122 37 4 7.0836062 standard
157 0 572 38 3 5.0809455 standard
157 0 318 39 3 10.364342 standard
157 0 1151 40 2 7.9188175 standard
158 0 1009 1 3 2.7691975 standard
158 0 273 2 4 0.24549726 standard
158 0 1010 3 3 4.164599 standard
158 0 1011 4 1 3.3056471 standard
158 0 998 5 3 2.3676677 standard
158 0 552 6 2 5.485954 standard
158 0 556 7 4 0.1499928 standard
158 0 302 8 1 6.5254464 standard
158 0 1006 9 -1 0.009864485 standard
159 0 1108 1 3 2.523092 standard
159 0 1110 2 3 0.2545424 standard
159 0 1111 3 3 3.4776907 standard
159 0 231 4 3 2.4810584 standard
159 0 1112 5 3 8.00979 standard
159 0 234 6 3 2.9132113 standard
159 0 1114 7 4 1.3425046 standard
159 0 1066 8 -1 14.609859 standard
159 0 1115 9 4 4.5774083 standard
160 0 1136 1 4 7.523617 standard
160 0 1137 2 3 7.0401616 standard
160 0 1138 3 3 6.3197336 standard
160 0 1134 4 3 16.804901 standard
160 0 1135 5 4 5.9400835 standard
160 0 1071 6 -1 24.402485 standard
161 0 336 1 3 4.5655103 standard
161 0 562 2 3 8.154547 standard
161 0 996 3 4 4.0068727 standard
161 0 54 4 2 16.089945 standard
161 0 55 5 4 12.129279 standard
161 0 489 6 -1 9.483731 standard
161 0 1386 7 2 17.603394 standard
162 0 562 1 3 10.638285 standard
162 0 54 2 3 11.369227 standard
162 0 489 3 -1 11.317677 standard
162 0 458 4 1 6.3193145 standard
162 0 155 5 1 5.189723 standard
162 0 459 6 1 6.8294826 standard
162 0 460 7 2 12.898924 standard
162 0 461 8 2 10.820202 standard
162 0 111 9 1 6.7199283 standard
163 0 20 1 3 4.501745 standard
163 0 56 2 3 12.104715 standard
163 0 57 3 3 11.901852 standard
163 0 492 4 -1 16.414818 standard
164 0 416 1 3 6.2175326 standard
164 0 1364 2 3 4.521099 standard
164 0 311 3 2 8.522821 standard
164 0 1367 4 3 3.2418928 standard
164 0 503 5 -1 6.066462 standard
164 0 316 6 4 5.6581106 standard
164 0 798 7 3 5.2444386 standard
164 0 415 8 3 6.667236 standard
164 0 335 9 4 3.578071 standard
165 0 71 1 1 8.6248665 standard
165 0 72 2 1 7.106154 standard
165 0 504 3 -1 11.635443 standard
166 0 272 1 2 2.770318 standard
166 0 1264 2 2 3.595399 standard
166 0 418 3 2 2.7111683 standard
166 0 40 4 2 2.8004153 standard
166 0 504 5 -1 12.337174 standard
166 0 41 6 2 1.9522055 standard
166 0 74 7 2 3.1998441 standard
166 0 170 8 2 4.962882 standard
166 0 207 9 2 6.247162 standard
167 0 274 1 2 7.721399 standard
167 0 82 2 3 7.045765 standard
167 0 509 3 -1 4.7279773 standard
168 0 774 1 1 1.5994742 standard
168 0 217 2 1 8.697641 standard
168 0 750 3 -1 12.845169 standard
169 0 118 1 1 12.247146 standard
169 0 774 2 1 2.2289913 standard
169 0 775 3 1 2.6850014 standard
169 0 157 4 1 11.755551 standard
169 0 750 5 -1 13.1236105 standard
170 0 672 1 3 3.4377363 standard
170 0 904 2 3 12.946694 standard
170 0 906 3 3 5.974789 standard
170 0 139 4 2 12.872927 standard
170 0 893 5 -1 9.486658 standard
170 0 238 6 2 10.633033 standard
170 0 239 7 3 9.66623 standard
171 0 516 1 -1 21.52242 standard
171 0 252 2 1 14.530206 standard
171 0 141 3 4 14.230585 standard
171 0 431 4 1 20.103825 standard
172 0 320 1 1 12.225785 standard
172 0 321 2 1 11.27631 standard
172 0 322 3 3 11.488564 standard
172 0 476 4 3 8.670508 standard
172 0 527 5 -1 11.495852 standard
173 0 451 1 1 11.070908 standard
173 0 532 2 -1 7.3934126 standard
173 0 367 3 1 7.565465 standard
174 0 482 1 1 1.7623003 standard
174 0 36 2 2 2.8685482 standard
174 0 533 3 -1 6.8301005 standard
174 0 423 4 4 0.9664696 standard
174 0 58 5 1 3.4042842 standard
174 0 411 6 1 5.2372084 standard
175 0 964 1 3 1.8157758 standard
175 0 965 2 3 3.570309 standard
175 0 966 3 2 0.667948 standard
175 0 967 4 2 0.61979467 standard
175 0 941 5 -1 7.9890804 standard
175 0 351 6 2 5.4313984 standard
176 0 978 1 4 2.9965117 standard
176 0 582 2 1 4.4653797 standard
176 0 982 3 1 2.8018246 standard
176 0 583 4 1 1.8923028 standard
176 0 584 5 3 4.7878923 standard
176 0 585 6 3 3.1921053 standard
176 0 586 7 1 7.7498617 standard
176 0 542 8 -1 11.328717 standard
177 0 592 1 3 4.518442 standard
177 0 772 2 3 5.261979 standard
177 0 588 3 2 9.693317 standard
177 0 589 4 2 8.929651 standard
177 0 590 5 4 9.581151 standard
177 0 543 6 -1 9.79233 standard
178 0 588 1 4 4.8721366 standard
178 0 589 2 4 6.5258546 standard
178 0 590 3 3 5.652999 standard
178 0 591 4 1 6.5992413 standard
178 0 543 5 -1 5.439965 standard
179 0 680 1 3 13.961271 standard
179 0 681 2 3 5.320473 standard
179 0 633 3 -1 21.843523 standard
179 0 682 4 3 14.318175 standard
179 0 683 5 3 6.394367 standard
180 0 548 1 -1 12.47989 standard
180 0 616 2 4 9.744947 standard
180 0 617 3 4 8.938154 standard
180 0 619 4 3 2.4642165 standard
180 0 620 5 3 2.361384 standard
180 0 621 6 3 3.8869183 standard
180 0 622 7 2 8.009039 standard
180 0 1150 8 4 4.4609184 standard
181 0 997 1 3 6.671921 standard
181 0 1061 2 3 3.1493688 standard
181 0 409 3 2 4.980722 standard
181 0 973 4 2 3.4520469 standard
181 0 974 5 2 1.1266314 standard
181 0 942 6 -1 0.16023113 standard
182 0 634 1 -1 32.353504 standard
182 0 685 2 1 26.415054 standard
182 0 686 3 3 10.716432 standard
183 0 802 1 2 0.08609628 standard
183 0 803 2 1 1.6545724 standard
183 0 804 3 4 6.28244 standard
183 0 805 4 4 1.9759653 standard
183 0 806 5 4 4.4553246 standard
183 0 807 6 3 6.6120167 standard
183 0 808 7 1 6.6357985 standard
183 0 809 8 1 8.676718 standard
183 0 810 9 4 3.5009828 standard
183 0 811 10 3 7.0559883 standard
183 0 758 11 -1 7.278814 standard
183 0 1243 12 4 5.8623986 standard
183 0 253 13 3 3.4493053 standard
183 0 1247 14 4 4.3632145 standard
184 0 32 1 3 0 standard
184 0 67 2 3 4.919352 standard
184 0 499 3 3 0 standard
184 0 1379 4 3 5.2984586 standard
184 0 715 5 3 2.8809385 standard
184 0 716 6 3 3.8028498 standard
184 0 717 7 4 5.526464 standard
184 0 639 8 -1 3.1660466 standard
185 0 1008 1 3 6.5817976 standard
185 0 948 2 -1 6.261307 standard
185 0 856 3 3 9.3725605 standard
185 0 857 4 2 8.824182 standard
185 0 858 5 2 6.9722476 standard
185 0 859 6 2 5.914205 standard
185 0 285 7 4 5.175846 standard
185 0 894 8 4 5.4013643 standard
185 0 766 9 2 6.952046 standard
185 0 15 10 4 5.436819 standard
186 0 1280 1 3 3.2568953 standard
186 0 161 2 4 0.5123556 standard
186 0 1377 3 4 3.2357678 standard
186 0 225 4 3 3.1524487 standard
186 0 1378 5 3 0 standard
186 0 1379 6 4 0.36572814 standard
186 0 1380 7 4 2.942312 standard
186 0 1188 8 -1 3.6925302 standard
186 0 421 9 4 0.63557035 standard
186 0 1062 10 3 8.415777 standard
186 0 1074 11 3 6.986381 standard
186 0 1075 12 3 6.7909 standard
186 0 1304 13 3 2.0555513 standard
186 0 1305 14 3 2.658243 standard
186 0 923 15 3 6.700718 standard
186 0 924 16 3 6.2208853 standard
186 0 1309 17 3 2.7307112 standard
187 0 1045 1 3 2.4504201 standard
187 0 838 2 3 7.489536 standard
187 0 839 3 3 13.957491 standard
187 0 743 4 4 9.024614 standard
187 0 840 5 3 1.1342223 standard
187 0 842 6 3 2.2121618 standard
187 0 763 7 -1 17.96005 standard
188 0 640 1 -1 10.460882 standard
188 0 721 2 2 4.279823 standard
188 0 722 3 2 10.671995 standard
188 0 723 4 2 2.7941773 standard
188 0 724 5 4 4.472698 standard
188 0 725 6 2 12.162678 standard
188 0 726 7 4 1.2081443 standard
188 0 728 8 2 3.200365 standard
188 0 729 9 2 7.512282 standard
188 0 75 10 3 1.9793918 standard
188 0 909 11 3 6.3053064 standard
188 0 911 12 2 6.110517 standard
189 0 865 1 3 6.0806904 standard
189 0 866 2 2 3.5759783 standard
189 0 867 3 4 4.870632 standard
189 0 868 4 3 5.2050357 standard
189 0 869 5 2 4.8777194 standard
189 0 870 6 3 7.190864 standard
189 0 872 7 3 0.47671828 standard
189 0 873 8 3 1.0737977 standard
189 0 395 9 2 3.1865857 standard
189 0 767 10 -1 11.181022 standard
190 0 864 1 3 5.0450654 standard
190 0 390 2 3 15.279191 standard
190 0 391 3 1 8.818121 standard
190 0 285 4 2 5.3349676 standard
190 0 894 5 -1 6.483585 standard
190 0 15 6 1 11.964917 standard
191 0 864 1 3 5.190752 standard
191 0 390 2 4 5.8871202 standard
191 0 391 3 3 6.1999397 standard
191 0 15 4 3 7.9466166 standard
191 0 1008 5 4 5.755217 standard
191 0 914 6 1 5.352053 standard
191 0 658 7 3 7.7189612 standard
191 0 915 8 1 1.576185 standard
191 0 948 9 3 6.9915786 standard
191 0 856 10 3 6.4186826 standard
191 0 857 11 2 6.6623797 standard
191 0 858 12 2 6.393678 standard
191 0 285 13 2 5.5181527 standard
191 0 894 14 -1 8.649479 standard
192 0 736 1 1 0.22972213 standard
192 0 641 2 -1 10.18114 standard
192 0 733 3 1 3.4986138 standard
192 0 734 4 1 5.299773 standard
192 0 735 5 1 6.682682 standard
193 0 1392 1 3 5.3617625 standard
193 0 736 2 4 4.8477736 standard
193 0 641 3 -1 7.4779477 standard
193 0 422 4 3 6.779539 standard
193 0 648 5 3 4.53593 standard
193 0 730 6 3 7.380782 standard
193 0 731 7 4 0.8518283 standard
193 0 733 8 4 8.488028 standard
193 0 734 9 4 6.398601 standard
193 0 735 10 4 6.145692 standard
194 0 642 1 -1 20.080053 standard
194 0 739 2 2 11.994494 standard
194 0 740 3 2 13.614348 standard
194 0 741 4 4 11.492013 standard
194 0 742 5 2 8.981338 standard
194 0 743 6 2 10.201601 standard
194 0 744 7 3 16.868412 standard
195 0 642 1 -1 16.076576 standard
195 0 739 2 3 12.448017 standard
195 0 742 3 3 5.8242884 standard
195 0 743 4 3 7.701356 standard
196 0 874 1 2 1.4988555 standard
196 0 202 2 3 1.1149317 standard
196 0 746 3 3 6.643152 standard
196 0 875 4 2 7.2051973 standard
196 0 12 5 4 3.3091042 standard
196 0 876 6 2 1.8296033 standard
196 0 13 7 3 5.1995144 standard
196 0 878 8 3 0.29155415 standard
196 0 879 9 3 0.08581091 standard
196 0 880 10 3 0.3314387 standard
196 0 51 11 2 4.9751906 standard
196 0 184 12 -1 8.948271 standard
196 0 185 13 2 0.6986493 standard
197 0 768 1 -1 6.7315025 standard
197 0 881 2 2 9.127053 standard
197 0 883 3 3 4.333222 standard
197 0 884 4 3 8.795976 standard
198 0 769 1 -1 7.1081247 standard
198 0 887 2 2 7.1278872 standard
198 0 888 3 2 2.3489296 standard
198 0 889 4 2 9.4386215 standard
198 0 843 5 3 7.8249407 standard
199 0 1056 1 2 1.5769386 standard
199 0 1060 2 2 0 standard
199 0 743 3 2 0 standard
199 0 744 4 2 6.0572424 standard
199 0 1052 5 1 3.311398 standard
199 0 1053 6 1 3.9372644 standard
199 0 957 7 -1 2.375425 standard
199 0 1054 8 2 5.903174 standard
199 0 1055 9 2 5.8508024 standard
200 0 1137 1 2 8.194349 standard
200 0 1138 2 2 3.2794337 standard
200 0 1134 3 2 11.128109 standard
200 0 1071 4 -1 11.900412 standard
201 0 160 1 4 2.45092 standard
201 0 482 2 4 4.028094 standard
201 0 423 3 4 3.797261 standard
201 0 552 4 2 4.2006917 standard
201 0 110 5 4 1.7369307 standard
201 0 1391 6 4 7.892975 standard
201 0 1295 7 3 5.657539 standard
201 0 1296 8 2 9.057306 standard
201 0 625 9 2 13.580187 standard
201 0 401 10 3 8.724533 standard
201 0 369 11 4 3.473388 standard
201 0 1140 12 -1 1.7280468 standard
201 0 1304 13 4 0.9119292 standard
201 0 93 14 3 3.1522472 standard
201 0 541 15 3 6.2349305 standard
201 0 318 16 3 6.8262863 standard
201 0 1151 17 3 5.5193515 standard
202 0 1285 1 -1 14.42639 standard
202 0 232 2 4 8.282717 standard
202 0 48 3 4 1.588619 standard
202 0 1110 4 2 1.1450142 standard
202 0 1303 5 2 5.21723 standard
202 0 1304 6 2 4.9814835 standard
202 0 1305 7 4 6.820261 standard
202 0 1306 8 3 4.899215 standard
202 0 602 9 4 3.0826132 standard
202 0 603 10 4 4.4881597 standard
202 0 1308 11 3 0.48337162 standard
202 0 604 12 4 2.769973 standard
202 0 1309 13 2 3.4173493 standard
202 0 605 14 3 5.734548 standard
202 0 1310 15 4 12.134057 standard
203 0 323 1 4 0.21783586 standard
203 0 1188 2 4 0.8575491 standard
203 0 1285 3 -1 6.787891 standard
203 0 232 4 4 4.0103087 standard
203 0 688 5 4 2.1817403 standard
203 0 19 6 3 4.173742 standard
203 0 1305 7 3 1.1509472 standard
203 0 58 8 3 5.537744 standard
203 0 1306 9 3 5.3327727 standard
203 0 602 10 4 1.912913 standard
203 0 122 11 3 6.5202694 standard
203 0 603 12 4 0.7806614 standard
203 0 1307 13 3 3.5933223 standard
203 0 604 14 4 1.101768 standard
203 0 1310 15 3 5.829806 standard
204 0 1188 1 4 2.4732077 standard
204 0 68 2 4 2.025175 standard
204 0 1285 3 -1 0.5930498 standard
204 0 1355 4 4 1.6096919 standard
204 0 655 5 4 1.7540584 standard
204 0 307 6 4 1.6805642 standard
204 0 1305 7 4 0 standard
204 0 602 8 4 1.155725 standard
204 0 603 9 4 0.40776676 standard
204 0 572 10 2 3.2044 standard
204 0 540 11 3 2.3399024 standard
204 0 604 12 4 0 standard
204 0 1213 13 4 1.0581193 standard
204 0 1311 14 2 3.4274304 standard
204 0 63 15 3 2.017516 standard
205 0 1287 1 -1 6.799639 standard
205 0 1321 2 2 5.0421596 standard
205 0 1322 3 2 3.5482337 standard
206 0 1338 1 2 11.892924 standard
206 0 1290 2 -1 24.586914 standard
206 0 1340 3 3 2.2716982 standard
206 0 1341 4 2 9.711893 standard
207 0 1338 1 2 5.524712 standard
207 0 1290 2 -1 7.389941 standard
207 0 1339 3 2 3.6766891 standard
207 0 1340 4 3 2.7615561 standard
207 0 1341 5 3 5.9740124 standard
207 0 879 6 4 2.7726657 standard
208 0 1344 1 3 13.537834 standard
208 0 1345 2 3 12.101997 standard
208 0 1346 3 3 9.155809 standard
208 0 163 4 3 17.607023 standard
208 0 1347 5 4 7.8992515 standard
208 0 164 6 4 9.900426 standard
208 0 1291 7 -1 25.722616 standard
209 0 1350 1 3 0.22443801 standard
209 0 1351 2 2 1.7071973 standard
209 0 487 3 3 7.0776033 standard
209 0 1383 4 3 5.6308613 standard
209 0 1385 5 3 3.2653959 standard
209 0 1356 6 2 0.88862854 standard
209 0 1228 7 4 3.4556932 standard
209 0 1292 8 -1 0.5011859 standard
209 0 45 9 4 7.4319806 standard
209 0 1106 10 4 5.7789936 standard
209 0 55 11 4 4.58463 standard
209 0 187 12 3 9.65118 standard
209 0 316 13 4 3.752588 standard
210 0 1171 1 2 12.6930895 standard
210 0 1172 2 3 18.534096 standard
210 0 1173 3 3 10.281848 standard
210 0 1030 4 4 4.2198653 standard
210 0 1174 5 3 4.6402802 standard
210 0 1145 6 -1 13.975007 standard
210 0 891 7 3 8.484727 standard
211 0 769 1 4 7.6394696 standard
211 0 1172 2 2 7.1046567 standard
211 0 1173 3 3 8.69731 standard
211 0 1174 4 3 6.4602957 standard
211 0 1030 5 4 2.4455464 standard
211 0 1031 6 4 4.3283186 standard
211 0 1033 7 4 4.5026774 standard
211 0 1145 8 -1 8.290933 standard
211 0 891 9 2 6.080944 standard
211 0 763 10 3 8.526986 standard
211 0 1052 11 4 4.7592034 standard
211 0 1068 12 4 10.579805 standard
212 0 769 1 3 8.103097 standard
212 0 841 2 4 3.583276 standard
212 0 843 3 3 5.266058 standard
212 0 885 4 3 9.074559 standard
212 0 1173 5 3 7.9168015 standard
212 0 886 6 3 6.7194233 standard
212 0 887 7 3 5.471594 standard
212 0 888 8 2 13.769881 standard
212 0 1176 9 4 11.255307 standard
212 0 889 10 2 5.7274966 standard
212 0 1177 11 4 15.980444 standard
212 0 1178 12 2 15.663573 standard
212 0 890 13 3 7.850464 standard
212 0 1146 14 -1 8.964598 standard
212 0 891 15 3 3.3840508 standard
213 0 769 1 3 10.145412 standard
213 0 885 2 2 10.099064 standard
213 0 1173 3 3 10.133271 standard
213 0 886 4 3 2.2153172 standard
213 0 887 5 2 9.540066 standard
213 0 888 6 1 10.22584 standard
213 0 889 7 2 4.129163 standard
213 0 1177 8 4 5.3354306 standard
213 0 1178 9 3 6.981744 standard
213 0 890 10 3 7.208132 standard
213 0 1146 11 -1 6.871126 standard
213 0 843 12 3 4.1191134 standard
214 0 833 1 3 5.4079447 standard
214 0 1361 2 3 4.4203777 standard
214 0 1362 3 3 12.554009 standard
214 0 1363 4 3 1.4413292 standard
214 0 1294 5 -1 16.868608 standard
215 0 35 1 4 5.034781 standard
215 0 37 2 4 6.199768 standard
215 0 535 3 -1 13.681839 standard
216 0 506 1 -1 6.687604 standard
216 0 156 2 1 2.3031507 standard
217 0 37 1 3 4.1993766 standard
217 0 1191 2 -1 5.791959 standard
217 0 1258 3 2 3.973624 standard
217 0 1391 4 4 4.3897824 standard
217 0 559 5 3 4.992286 standard
217 0 1394 6 2 6.9520297 standard
217 0 1395 7 1 7.123218 standard
217 0 1107 8 3 5.5008674 standard
217 0 1204 9 3 7.0477576 standard
217 0 1300 10 3 3.5238411 standard
217 0 630 11 3 3.250855 standard
217 0 666 12 1 8.397203 standard
217 0 667 13 1 5.4604936 standard
217 0 668 14 3 2.7976675 standard
217 0 1213 15 3 5.997414 standard
217 0 670 16 3 6.3911834 standard
218 0 101 1 1 5.535361 standard
218 0 1191 2 -1 2.7111583 standard
218 0 1258 3 4 3.095077 standard
218 0 559 4 3 5.0636907 standard
218 0 1104 5 3 4.6430173 standard
218 0 1393 6 1 6.2738495 standard
218 0 1107 7 3 3.0418103 standard
218 0 1204 8 3 5.179979 standard
218 0 1300 9 3 2.628185 standard
218 0 630 10 3 2.1734478 standard
218 0 662 11 3 4.4303174 standard
218 0 24 12 1 2.9422777 standard
218 0 666 13 3 6.152348 standard
218 0 667 14 3 3.9940069 standard
218 0 93 15 3 3.5583706 standard
218 0 1213 16 3 4.3284144 standard
219 0 1191 1 -1 3.4400842 standard
219 0 1258 2 2 2.3691723 standard
219 0 1198 3 3 2.4762022 standard
219 0 1391 4 1 1.8949599 standard
219 0 559 5 3 1.6171421 standard
219 0 1394 6 2 2.7621965 standard
219 0 1395 7 2 3.0136743 standard
219 0 1107 8 3 2.443229 standard
219 0 1204 9 3 2.3700795 standard
219 0 1300 10 3 4.4495015 standard
219 0 1078 11 3 3.4087205 standard
219 0 630 12 3 2.587613 standard
219 0 662 13 3 2.2319796 standard
219 0 1080 14 3 2.2358277 standard
219 0 1081 15 3 3.1718297 standard
219 0 666 16 2 3.0972404 standard
219 0 667 17 2 3.77164 standard
219 0 1213 18 3 3.5285292 standard
219 0 1214 19 3 2.7209094 standard
220 0 292 1 3 9.21882 standard
220 0 1382 2 3 4.2412133 standard
220 0 1383 3 2 3.261685 standard
220 0 1384 4 3 6.288032 standard
220 0 1385 5 2 4.6542907 standard
220 0 1386 6 4 6.4085774 standard
220 0 458 7 4 9.035831 standard
220 0 459 8 3 5.0305634 standard
220 0 111 9 4 5.5916986 standard
220 0 241 10 3 6.186471 standard
220 0 977 11 4 6.8329196 standard
220 0 1365 12 3 7.2204113 standard
220 0 150 13 3 3.6148071 standard
220 0 1366 14 3 4.9749165 standard
220 0 376 15 3 5.554746 standard
220 0 1370 16 4 3.9911625 standard
220 0 155 17 3 5.613901 standard
220 0 62 18 3 3.0593286 standard
220 0 1182 19 -1 6.9711018 standard
220 0 479 20 4 4.9673424 standard
221 0 292 1 3 5.5715475 standard
221 0 1382 2 3 4.833531 standard
221 0 1383 3 2 1.9000728 standard
221 0 1384 4 4 3.7471492 standard
221 0 1385 5 2 2.6168385 standard
221 0 458 6 3 7.8169403 standard
221 0 1386 7 4 8.0884285 standard
221 0 459 8 3 3.324466 standard
221 0 461 9 3 3.632338 standard
221 0 111 10 3 3.3343089 standard
221 0 241 11 4 4.117128 standard
221 0 1365 12 3 3.8171554 standard
221 0 1366 13 3 8.444657 standard
221 0 150 14 3 0.77875614 standard
221 0 1370 15 4 5.212902 standard
221 0 155 16 2 4.471918 standard
221 0 62 17 3 6.0254464 standard
221 0 1182 18 -1 6.394718 standard
221 0 479 19 3 1.8451453 standard
222 0 400 1 3 6.7700825 standard
222 0 1392 2 4 2.224794 standard
222 0 419 3 3 9.120542 standard
222 0 1396 4 -1 5.960392 standard
222 0 1397 5 3 2.1910644 standard
222 0 1398 6 4 3.687432 standard
222 0 1399 7 4 9.354696 standard
222 0 1400 8 3 6.6888123 standard
222 0 1387 9 3 3.6960099 standard
222 0 412 10 4 3.8744721 standard
223 0 400 1 3 11.592075 standard
223 0 1392 2 3 5.5400243 standard
223 0 1396 3 -1 7.8044 standard
223 0 1398 4 3 9.087599 standard
223 0 1387 5 3 9.220961 standard
224 0 656 1 3 7.841651 standard
224 0 1313 2 3 7.2444487 standard
224 0 1316 3 4 8.029632 standard
224 0 1317 4 3 4.3897495 standard
224 0 1157 5 3 7.2550826 standard
224 0 1318 6 3 7.0515523 standard
224 0 1286 7 -1 11.800034 standard
224 0 1319 8 3 5.8315177 standard
224 0 1274 9 3 5.9163413 standard
225 0 448 1 3 2.2749217 standard
225 0 1280 2 3 5.2081156 standard
225 0 449 3 3 1.3383279 standard
225 0 1304 4 2 0.6998176 standard
225 0 1305 5 2 2.3899422 standard
225 0 923 6 3 3.4363115 standard
225 0 924 7 3 3.1386583 standard
225 0 1309 8 3 0.5119219 standard
225 0 161 9 4 1.8011948 standard
225 0 1377 10 4 0.08264735 standard
225 0 225 11 3 8.768293 standard
225 0 1378 12 3 2.7469106 standard
225 0 1379 13 2 0.07494927 standard
225 0 1380 14 4 10.69166 standard
225 0 1124 15 3 7.1950164 standard
225 0 1188 16 -1 16.481981 standard
225 0 293 17 3 3.931579 standard
225 0 421 18 4 4.0651064 standard
225 0 1381 19 3 2.5270216 standard
225 0 1062 20 3 3.9012098 standard
225 0 40 21 3 3.6782627 standard
225 0 433 22 3 1.8842721 standard
225 0 1074 23 3 3.7659214 standard
225 0 1075 24 3 2.2343795 standard
225 0 1213 25 3 2.0431662 standard
